8.475737548563472279e-01,nan
6.563792914816103385e-01,nan
-8.608603609667097034e-01,nan
3.449577146213542167e-01,nan
-2.880086640701058354e-01,nan
-5.291734287115754665e-01,nan
1.379794936111031101e+00,nan
1.760908521361384205e+00,nan
-8.683345340229275955e-02,nan
3.548441806173671664e-01,nan
1.037620191935174629e+00,nan
1.539557189325526099e-01,nan
-1.472570210623817821e-01,nan
-1.211678168824564805e+00,nan
7.364890167479128114e-02,nan
-1.474879563378425629e-01,nan
-3.680380144681305588e-01,nan
-1.372737484913524986e+00,nan
-8.304892916285366855e-01,nan
-4.889677365013381238e-01,nan
-3.383796236583406225e-01,nan
2.245179883521832009e-01,nan
-2.981649941024815398e+00,nan
-1.874480764734872129e-01,nan
-9.621403766680319825e-01,nan
-6.682039135014930520e-02,nan
-1.243899503722788458e+00,nan
-2.681842764213915875e-01,nan
-1.475089018547300679e+00,nan
6.974771087704235706e-01,nan
-2.481108914548001698e-01,nan
4.562223789689354159e-01,nan
6.167061962345070647e-01,nan
2.949258616386021270e-01,nan
-6.590633056772175757e-03,nan
-5.598519612542495194e-01,nan
-2.680711485121987925e-02,nan
1.642918660345883408e-01,nan
-6.691203035428374378e-03,nan
7.574421103478664596e-01,nan
-6.691203035428374378e-03,nan
9.417345277524433178e-02,nan
-3.675935013176220845e-02,nan
9.887949353906541061e-01,nan
1.340710890840270397e-01,nan
3.852135828081862945e-01,nan
-3.485256386846818377e-01,nan
-6.691203035428374378e-03,nan
2.848747020664041951e-01,nan
8.379184424946035936e-02,nan
1.209668670528964318e+00,nan
5.561675192757664643e-01,nan
4.356143458036037391e-02,nan
-3.482165401120009829e-01,nan
1.320987286407686138e-02,nan
-4.679495479996925028e-02,nan
-2.699445926973816773e-02,nan
5.059949251746821419e-01,nan
2.345950828749314779e-02,nan
9.078073183281480940e-01,nan
-6.691203034115466262e-03,nan
3.349532713426047192e-01,nan
4.354896652149638919e-02,nan
1.751646749724373731e+00,nan
7.366827984423861275e-02,nan
7.765556544003437978e-01,nan
8.369993530658209613e-02,nan
-9.207097024458057444e-01,nan
4.363371066406424720e-02,nan
-4.791193810707627954e-01,nan
-6.676451202757159586e-02,nan
7.565359915830817128e-01,nan
3.350113929601953311e-01,nan
5.337088113549287582e-02,nan
4.956771192011862892e-01,nan
1.339460777213063308e-02,nan
-1.673409991075976155e-02,nan
-7.699195878645512248e-02,nan
-6.894554482420813812e-01,nan
-2.477565466751825707e-01,nan
-1.152287682929247659e+00,nan
2.344834130793254159e-02,nan
6.403565775903724555e-02,nan
5.358670374103115253e-02,nan
4.553185468206476516e-01,nan
-1.673669320071357811e-02,nan
-3.692823143310369066e-02,nan
6.362722932128538067e-02,nan
1.349286434223760045e+00,nan
7.365326838595963321e-02,nan
-5.692258702704009465e-01,nan
-1.392817801464465433e+00,nan
9.387141548619622189e-02,nan
3.359364185628438415e-02,nan
-6.892124272688594268e-03,nan
6.161318437485497901e-01,nan
4.351720106014308476e-01,nan
5.367445131504767347e-02,nan
5.959271342601745181e-01,nan
3.348116914304274244e-02,nan
1.218435055109195808e+00,nan
-9.706069773566040892e-02,nan
8.065845311621949731e-01,nan
-2.174293254229004990e-01,nan
-1.030770549702328287e+00,nan
3.245800687723159328e-01,nan
5.325496452234379507e-02,nan
5.357086344775559006e-01,nan
-9.705425269651912767e-02,nan
1.740335153294491621e-01,nan
-2.667105309229819005e-02,nan
4.046391324511543486e-01,nan
-6.672738409027939577e-02,nan
6.257663767560792678e-01,nan
-1.070767783471136270e-01,nan
-1.673116685849578567e-01,nan
-2.676906802126281099e-02,nan
2.844311666070565847e-01,nan
-6.594275925400462368e-01,nan
-3.176246604077753166e-01,nan
-1.422614021629767800e+00,nan
-3.681876788608213352e-02,nan
-1.553646668665685349e+00,nan
-4.685863880804210790e-01,nan
-1.070511920693092422e-01,nan
-1.270450677815501694e-01,nan
5.555754151853909972e-01,nan
5.358076619997417106e-02,nan
2.202856846185881068e+00,nan
-5.753234448988242988e+00,nan
8.176579559982075640e-01,nan
1.939011305294229548e-01,nan
3.351844560409507068e-01,nan
2.848220738350459302e-01,nan
2.947551880612893083e-01,nan
7.570046796899699837e-01,nan
1.228516983023011377e+00,nan
5.357906304050948920e-01,nan
-1.672911735490681395e-01,nan
-1.272193744986193920e-01,nan
-4.988734033762825537e-01,nan
-3.483299162520420156e-01,nan
-5.681862605776643455e-02,nan
-1.975610321346300546e-01,nan
-1.272437434392734157e-01,nan
5.357758741154658999e-01,nan
6.362495953037256013e-02,nan
-6.397676954162574425e-01,nan
-4.583847949083506013e-01,nan
2.943077396698614567e-01,nan
3.952531178925831612e-01,nan
-4.677390153315860721e-02,nan
-1.473343997655166271e-01,nan
1.640893863321725155e-01,nan
3.348551783690326689e-01,nan
-2.477807183688379988e-01,nan
-1.603956613438084933e+00,nan
-1.926432007516359013e+00,nan
-3.988162740899887648e-01,nan
-6.800289045007192890e-01,nan
-7.306801175213396560e-01,nan
1.139630149789003094e-01,nan
-7.205978059662495605e-01,nan
-3.485924948540036206e-01,nan
-1.032513714727007814e+00,nan
-1.716790980557327151e+00,nan
-3.286476573588705818e-01,nan
4.561156876459048770e-01,nan
-3.187800460972370353e-01,nan
1.281197802367912919e+00,nan
3.654788053267808423e-01,nan
3.367120729094528597e-03,nan
4.056853400857090564e-01,nan
9.388407896697072152e-02,nan
-1.574541905903351635e-01,nan
7.376984237016635804e-02,nan
-3.386000725854846349e-01,nan
-6.714085428542682088e-02,nan
2.044272684563337439e-01,nan
-1.373443847639115867e-01,nan
-1.837547515359495565e+00,nan
-1.959089019524019815e+00,nan
-9.725624258570617631e-01,nan
8.989938215987592907e-01,nan
4.966196642612109580e-01,nan
5.668155868867552627e-01,nan
1.210782258457900662e+00,nan
1.743991338621496689e-01,nan
2.910312216918549577e+00,nan
3.370776856812152555e+00,nan
8.173280969136871299e-01,nan
1.620811445187070765e+00,nan
7.368336754012680956e-01,nan
9.354993262406439969e-02,nan
-1.131638854015384776e+00,nan
-9.912839155159581805e-01,nan
3.359994051315534636e-02,nan
-5.092951407482109172e-01,nan
-1.173260755183451187e-01,nan
7.069226037267453133e-01,nan
2.143488275921224540e-01,nan
-7.803674644020317519e-01,nan
1.641291471942571134e-01,nan
5.358818828706288784e-01,nan
3.752905747094739675e-01,nan
-3.082960170498043606e-01,nan
-1.011481790284772586e+00,nan
1.028240463923655534e+00,nan
1.992123162679247939e+00,nan
7.767585300375888790e-01,nan
6.162986841820136119e-01,nan
-5.693273286937554634e-01,nan
-1.131521448513747918e+00,nan
7.164385187423989443e-01,nan
9.372617418008084567e-01,nan
4.652287637459465164e-01,nan
-7.597728842924792447e-01,nan
-1.332347967074524409e+00,nan
-5.690803970803731682e-01,nan
6.362292759481116833e-02,nan
7.465215780471740059e-01,nan
2.846646148511471908e-01,nan
-4.887768568307531147e-01,nan
-1.775397395283992708e-01,nan
8.068290433136401374e-01,nan
1.339187931709526769e+00,nan
6.957996781152631094e-01,nan
-5.989386057403995878e-01,nan
8.264942611804879657e-01,nan
-5.086565775104406884e-01,nan
-1.010749812441408713e+00,nan
6.860270694061646468e-01,nan
5.354581054573384069e-01,nan
9.972581286934627531e-01,nan
1.589077770643340992e+00,nan
-6.187531797308241099e-01,nan
-1.913932951192238940e+00,nan
-1.010696960252122967e+00,nan
-5.992349933857663569e-01,nan
1.741609439696391315e-01,nan
-2.174683363887470744e-01,nan
-7.499439032180467146e-01,nan
-5.892272099340959413e-01,nan
-2.579024574216715604e-01,nan
8.971573847027670690e-01,nan
1.469662565716938651e+00,nan
-2.474697682197625481e-01,nan
-6.723881538064005459e-02,nan
9.572776481791754888e-01,nan
2.646696587855382199e-01,nan
-1.041101622252784464e+00,nan
6.034767014392069306e+00,nan
-5.985214790943297336e-01,nan
-8.794981772139651710e-01,nan
-1.270884834354882309e-01,nan
4.247210386447639596e-01,nan
2.039870570105472847e-01,nan
1.839159927273618655e-01,nan
4.044978162591106319e-01,nan
1.340434322145352408e-01,nan
5.329303320097682900e-02,nan
8.358492849293129578e-02,nan
-4.781484195901707923e-01,nan
-7.691271017969508739e-01,nan
5.751766571055267896e-01,nan
5.550579206112139508e-01,nan
5.048553187244528839e-01,nan
1.234953370154309449e-01,nan
-2.068867903197980918e-01,nan
-7.290965682330021735e-01,nan
-6.487250568946034690e-01,nan
-2.073410800864582959e-01,nan
-1.870812548585477353e-01,nan
-4.381246596766384394e-01,nan
-2.726650698383843885e+00,nan
-3.178872790725570385e-01,nan
7.060239971137567405e-01,nan
5.552894012576893301e-01,nan
-9.701909314401051532e-01,nan
-9.001690908876592845e-01,nan
-6.191529135041465848e-01,nan
-1.372608904874061730e+00,nan
8.169943368414651630e-01,nan
1.097803276668207317e+00,nan
2.141829371310632057e-01,nan
1.840570965813478899e-01,nan
4.251803660859148626e-01,nan
1.739988384024211410e-01,nan
4.329873327861746141e-02,nan
-5.688513796085720164e-01,nan
1.639702147303919999e-01,nan
9.068659532697316283e-01,nan
-7.396537879888225309e-01,nan
-8.097217821071023280e-01,nan
-6.593154454217313720e-01,nan
1.288446537088562938e+00,nan
7.361807529048454424e-02,nan
5.454055596529671091e-01,nan
-1.803704372917177112e+00,nan
-5.087477883012910818e-01,nan
8.768998783838874989e-01,nan
9.169219509326306250e-01,nan
-8.499844421560922569e-01,nan
-1.653266720112696486e+00,nan
-1.977067739370687305e-01,nan
1.911218708735842986e+00,nan
-1.372661295291044636e+00,nan
7.166977476852791629e-01,nan
-4.785307886891767004e-01,nan
-1.402749549906255222e+00,nan
9.574588324703801057e-01,nan
4.635782680878544681e+01,nan
3.118484159834067349e-01,nan
4.302613201256133557e-02,nan
-3.552195245476063579e-01,nan
-6.541834241165167541e-01,nan
4.614473920802743545e-01,nan
-4.847948369384012524e-01,nan
5.210341450861555312e-01,nan
4.319147566548276473e-01,nan
7.301560955240050943e-02,nan
4.117519358326097167e-01,nan
1.825947748522079028e-01,nan
9.293056200004815026e-02,nan
1.626619455242683532e-01,nan
-1.959685703236453413e-01,nan
-1.762490212232368236e-01,nan
2.025157442905785588e-01,nan
4.331812340298879516e-02,nan
-6.144029124363555860e-01,nan
-4.450794111677007225e-01,nan
-7.340887978134889025e-01,nan
-1.362081581499643645e+00,nan
-1.621805304146333393e+00,nan
1.530255760280388178e-01,nan
-1.261294362494904675e-01,nan
-3.658180198479591971e-01,nan
4.716744529517800655e-01,nan
-6.844703955601969536e-01,nan
-7.645239830570969009e-01,nan
1.149961924930439139e+00,nan
1.369231896004039939e+00,nan
-3.159020768968370252e-01,nan
3.277162485233551820e-03,nan
5.714452446763095272e-01,nan
9.102368861577145864e-01,nan
-5.048047130189206033e-01,nan
-8.840231545275033520e-01,nan
6.711045179803643013e-01,nan
-1.093195422870181233e+00,nan
2.825975874932832865e-01,nan
6.908532576716392981e-01,nan
5.713770287926154268e-01,nan
2.426580250944090356e-01,nan
8.799979648430016343e-01,nan
4.815389390619190246e-01,nan
-2.119324025624665264e+00,nan
-2.359373290994340455e-01,nan
-1.262017297860907328e-01,nan
3.121642852105190880e-01,nan
-1.258986821889705454e-01,nan
-3.157590089781115772e+00,nan
-1.283321033020223600e+00,nan
-2.263392188586751952e-01,nan
-7.047911610891467449e-01,nan
-5.653901549435723650e-01,nan
-7.251957909299655558e-01,nan
1.549842017257249793e+00,nan
1.399732754888036279e+00,nan
1.150116037924863388e+00,nan
-3.955925215484693558e-01,nan
-3.777568026948839641e+00,nan
-2.061651498174309205e-01,nan
2.927666524029986506e-01,nan
-2.664793597755732088e-02,nan
2.327851468071092944e-01,nan
-6.655938121218472892e-02,nan
-5.854481792454211408e-01,nan
-3.160500606211426589e-01,nan
-3.963068054525916706e-01,nan
4.350917426594565901e-02,nan
-1.662759859225378667e-01,nan
-4.681263275576515170e-02,nan
1.631742800052694009e-01,nan
4.922978560564487682e-01,nan
4.724982506300789975e-01,nan
1.026727085776508869e-01,nan
3.486722348774577186e-03,nan
-9.447304722355555073e-01,nan
-4.458245515445218299e-01,nan
1.629778204919423712e-01,nan
7.315135869763544907e-02,nan
-3.663203734157098601e-02,nan
9.311098838641343467e-02,nan
-1.667134637291022362e-02,nan
4.823160114669968190e-01,nan
3.322596784813972026e-02,nan
1.729327312036436359e-01,nan
-6.691203035428374378e-03,nan
4.340294329249631822e-02,nan
3.187871337811139412e-03,nan
9.299671473590172266e-02,nan
3.322340795792565887e-02,nan
3.924400881289642484e-01,nan
9.710666097724519608e-01,nan
-2.261737811506774332e-01,nan
3.325057111226499273e-01,nan
2.127787847396325205e-01,nan
-1.264010955941914094e-01,nan
4.024073434022287232e-01,nan
1.827354785053723341e-01,nan
5.718255995274623693e-01,nan
1.269835271804443444e+00,nan
1.788057696103990013e+00,nan
-1.860319205797820730e-01,nan
8.005483853896022683e-01,nan
4.314709564303664119e-02,nan
1.568181998459913462e+00,nan
-7.664565860291042143e-02,nan
7.805974394646632009e-01,nan
-6.647403136139928836e-02,nan
1.725558330990772660e-01,nan
3.316287481742560828e-02,nan
9.098784540289203138e-01,nan
4.316179779030292485e-01,nan
-1.360886469676766686e-01,nan
-1.610996465489301199e+00,nan
-1.252138610136624086e+00,nan
6.209482255046132604e-01,nan
1.049422355452312106e+00,nan
5.216435330454980424e-01,nan
1.597053046998304415e+00,nan
-4.845814136381217385e-01,nan
2.919200041457636341e-01,nan
3.169283416796162857e-03,nan
3.917981303526344994e-01,nan
1.327388620851991663e-01,nan
1.118588255425487121e+00,nan
1.028378379772352941e-01,nan
2.223175084913857347e-01,nan
5.409023620804814803e-01,nan
4.811221693117886389e-01,nan
1.321869202949330774e-02,nan
6.901128914080403298e-01,nan
-6.039468277678027297e-01,nan
-5.646522839138781724e-02,nan
-8.728263240803167955e-01,nan
-4.651655839023151329e-02,nan
1.528077310380180076e-01,nan
-2.660344416001680576e-02,nan
9.687306712985088719e-01,nan
2.322118510773997502e-01,nan
9.886343014224449055e-01,nan
-4.643210621035220309e-01,nan
1.125467829362598732e-01,nan
-3.849168040092550425e-01,nan
1.366848846872145140e+00,nan
3.315442069275618686e-01,nan
2.169580365387730936e+01,nan
-8.494655721556673145e-01,nan
-4.032333116312553645e-01,nan
-2.645222945997877106e-01,nan
-1.851962373196537337e-01,nan
4.269572901386410602e-02,nan
5.981164995321974764e-01,nan
-1.849835508706799969e-01,nan
-6.314509752056618463e-01,nan
-1.851069442162058820e-01,nan
1.816418755420850240e-01,nan
-1.256307531897639773e+00,nan
-1.773009469490059553e+00,nan
-6.910779703479461578e-01,nan
5.294895613176810872e-02,nan
-8.617847036971704178e-02,nan
-2.746336838838671079e-01,nan
-6.492722630364271448e-03,nan
9.234968816445544848e-02,nan
8.566210566400350723e-01,nan
6.182880589421726469e-01,nan
-1.018458463850667295e+00,nan
5.244990381591016493e-02,nan
9.857194558397242012e-01,nan
6.282372365844280937e-01,nan
2.908088373247920133e-01,nan
2.316709417185535899e-02,nan
1.113927482373050948e+00,nan
7.668462206556484473e-01,nan
-7.610709500177954834e-02,nan
9.057652280170527259e-01,nan
7.963760633773709907e-01,nan
-6.017436660706710905e-01,nan
-3.931802120461829753e-01,nan
-9.593032606518854533e-02,nan
-6.909025616858729402e-01,nan
-6.412936354493347091e-01,nan
6.675778179206993679e-01,nan
1.678892875003805241e+00,nan
7.369943506803130484e-01,nan
-2.150564753035689447e-01,nan
-7.700329893609443310e-01,nan
-3.736260065987325185e-01,nan
5.486098231723354202e-01,nan
2.708901877101249633e-01,nan
-6.015244263960434212e-01,nan
-3.240592078889819039e-01,nan
-7.699908497961638343e-01,nan
-1.890969855201749539e+00,nan
-5.623005766060332755e-01,nan
1.778790708802346687e+00,nan
1.113658692587549126e+00,nan
-1.137156748700924203e+00,nan
1.418682711251969264e-01,nan
1.600051403170774655e+00,nan
2.074860660049658634e+00,nan
1.261666170452827584e+00,nan
3.217542045790040047e-03,nan
-6.904335723048091733e-01,nan
5.185092522895361489e-01,nan
9.544039216839279582e-01,nan
1.475679010298820160e+01,nan
-8.171269439136890078e-01,nan
-8.566521046232299097e-02,nan
2.402102602494164685e-01,nan
2.601642773429019839e-01,nan
1.198950092050180327e+00,nan
1.316453541683929862e-01,nan
-1.648892030770306993e-01,nan
-1.646958038858072904e-01,nan
2.306599568872314543e-01,nan
3.685848195795765614e-01,nan
-5.205032563061352535e-01,nan
-1.944413606131461525e-01,nan
-7.477696345693262137e-01,nan
-3.233504487965365715e-01,nan
-7.548084686397550647e-02,nan
5.763152108754189262e-01,nan
-5.610467213698262096e-02,nan
-5.206157628101639734e-01,nan
1.315786621477577356e-01,nan
8.235722712339815788e-02,nan
-2.537767196829629479e-01,nan
-1.351797523470437690e-01,nan
1.119137108426629668e-01,nan
-1.608058311233954374e+00,nan
-6.791969899200196448e-01,nan
1.517035498926824766e-01,nan
-1.055638345475210932e-01,nan
2.404872758290392543e-01,nan
2.503634541832054916e-01,nan
-1.054654485041301104e+00,nan
-4.915322271594098624e-01,nan
3.495022229867474906e-01,nan
1.712985820357960098e-01,nan
1.020776947272507007e-01,nan
-1.551118057288239094e-01,nan
1.328300575186678462e-02,nan
-1.058707357033500662e-01,nan
1.022776449448436348e-01,nan
1.612078640378709071e-01,nan
-3.723573594437656897e-01,nan
-9.549077797540217460e-02,nan
-2.024521586438620346e+00,nan
-1.411528265854551600e+00,nan
4.484334099926036155e-01,nan
1.021959227518204116e+00,nan
5.276457121053581556e-01,nan
-4.419119956015311046e-01,nan
-2.243136130484211788e-01,nan
-6.604415953196915434e-02,nan
8.143051488902441903e-01,nan
-1.856566809414440966e+00,nan
-1.194082084189085569e+00,nan
1.516413587817097286e-01,nan
1.853398879416214395e+00,nan
7.648765791327525321e-01,nan
-6.300705919053130044e-01,nan
1.200341998080740158e+00,nan
-1.687819295126966740e-02,nan
-1.643445272536615542e-01,nan
2.302817148887647825e-01,nan
-8.671975023543549987e-01,nan
8.538150962841881686e-01,nan
6.954682732778183496e-01,nan
3.789665530103257796e-01,nan
-3.626820847812756154e-01,nan
5.767270771941033214e-01,nan
1.782560616269037279e+00,nan
1.616473698039447848e-01,nan
-7.086443127060400027e-01,nan
-6.600664869763529785e-02,nan
5.963214360749531373e-01,nan
1.179383713736546380e+00,nan
7.838932511962837246e-01,nan
1.710769189239577104e-01,nan
5.565188059160814937e-01,nan
9.518281658863827488e-01,nan
-1.054800803292707950e-01,nan
-4.018632182873957959e-01,nan
3.188419231672848068e-03,nan
-4.118680558375509282e-01,nan
-2.734650791636555889e-01,nan
-2.438336423328805458e-01,nan
-6.790417257317047373e-01,nan
-4.582506936407826359e-02,nan
2.698097064480381446e-01,nan
1.813576036223311094e-01,nan
1.314511933624081530e-01,nan
1.198607549344662848e+00,nan
4.775722944439398376e-01,nan
2.305854086877350551e-01,nan
1.435137351924358873e+00,nan
8.228083103054814051e-01,nan
9.114488114744653258e-01,nan
-5.615397962624640166e-02,nan
-6.974362040144421737e-01,nan
2.164993428339614390e+00,nan
2.046188524036403056e+00,nan
-1.329010646233705017e+00,nan
-1.181435203964912084e+00,nan
-3.522892151511283210e-01,nan
-5.001979309055409884e-01,nan
-3.127472740378223204e-01,nan
4.079616014054516793e-01,nan
9.014942945258898055e-01,nan
-5.496114158451449461e-01,nan
-2.080019208830684363e+00,nan
-1.626543296617302126e+00,nan
-1.488462728930461498e+00,nan
2.301366050295906851e-01,nan
1.050668262354803595e+00,nan
-7.081845812167881782e-01,nan
-1.844542050900849217e+00,nan
-9.161445873765342585e-01,nan
-1.034713909498871542e+00,nan
-2.349866972171280377e+00,nan
-2.145744896404010726e-01,nan
8.241058944433500288e-01,nan
5.668180201908536997e-01,nan
9.523292403290277708e-01,nan
-6.294435745368865964e-01,nan
2.625422764396447306e+01,nan
4.462770589345999572e-01,nan
4.062848193107113648e-01,nan
1.505785447478096284e-01,nan
1.708473404879471691e-01,nan
-2.054022475583526575e+00,nan
-1.887317075664854737e+00,nan
1.605216480589690686e-01,nan
-4.692461952667286718e-01,nan
-1.841596316475601625e-01,nan
1.401780889851235390e+00,nan
8.201362492934251014e-01,nan
-2.035912770252739090e-01,nan
-1.995749583207659938e+00,nan
1.508823785372923332e-01,nan
-2.032648943320367330e-01,nan
-7.654717970048736664e-01,nan
8.696798493705528710e-01,nan
9.389701424375210825e-01,nan
3.870681863796545108e-01,nan
-3.710088108547428543e-01,nan
1.016217819094258346e-01,nan
-2.824008856348828034e-01,nan
-6.577352195231304932e-02,nan
-6.567564031636866084e-02,nan
4.855498639866837607e-01,nan
6.234435923015655412e-01,nan
7.808828673332153247e-01,nan
5.937635434725675454e-01,nan
6.529512434743575122e-01,nan
6.919456063311389959e-01,nan
7.607398471182276189e-01,nan
-8.824700110525975916e-01,nan
-4.298667704084355168e-01,nan
-2.232113450231592022e-01,nan
-1.000817258426045298e+00,nan
-1.148666001498295675e+00,nan
8.201663673718916081e-02,nan
1.307491700511469179e-01,nan
1.319603622593747312e-02,nan
-1.138696612972736055e+00,nan
-2.114529602390469609e+00,nan
1.116126875815605241e-01,nan
-3.220093236422462146e-01,nan
-2.114957382858259738e+00,nan
-1.159964227498788025e+00,nan
-4.009567839413010759e-01,nan
6.142651832088559249e-01,nan
4.663746579627118249e-01,nan
-8.937207423229971415e-01,nan
5.845780521605925539e-01,nan
2.053073894714018355e+00,nan
1.992968203669454486e+00,nan
4.363930117523116547e-01,nan
5.052911921561876740e-01,nan
1.883684867049236544e+00,nan
1.203816597889194373e+00,nan
-1.561753767377090263e+00,nan
-2.714409079653771872e+00,nan
1.834628839536888378e+00,nan
4.648705183532914731e+00,nan
6.326719780578291541e-01,nan
9.573877210173964425e-01,nan
8.687227118547585780e-01,nan
-4.594787134259979422e-01,nan
-2.622108408402039625e-01,nan
-4.688773657050879784e-01,nan
-1.590535587318054889e+00,nan
-2.299590206660265146e+00,nan
-1.444902804865330626e-01,nan
9.085297850521026897e-01,nan
2.196562623477507636e-01,nan
1.606035285984783456e-01,nan
-9.496318627574530657e-02,nan
-4.790720367094817855e-01,nan
7.184472612908723854e-02,nan
3.574341865081003822e-01,nan
5.050146881381982755e-01,nan
6.821721164467322573e-01,nan
4.220805586780621704e-02,nan
-2.565147410542158113e+00,nan
-1.985584360239032842e+00,nan
1.509475179285865443e-01,nan
-4.794230362424316549e-01,nan
-1.661107083781552030e+00,nan
-9.917410210261087267e-01,nan
9.291100213608392000e-01,nan
2.887942057523846806e-01,nan
2.395353581424606582e-01,nan
2.690703729734176819e-01,nan
-3.809421730886026758e-01,nan
6.827985853006452999e-01,nan
-2.923849009604924110e-01,nan
5.239859479320824881e-02,nan
1.313024030917116391e+00,nan
5.642538200352393840e-01,nan
-6.576210943640753426e-02,nan
-3.512832526435455405e-01,nan
2.590402667198276609e-01,nan
-1.149908419368138035e-01,nan
-7.746910045570047920e-01,nan
1.310081329733242886e-02,nan
-7.552891186410094493e-01,nan
-2.625478969106716520e-01,nan
1.411411232935356308e+00,nan
6.426213929286780369e-01,nan
-1.343820735501483343e-01,nan
-1.147924917057365352e-01,nan
4.754174202495041746e-01,nan
4.166104847666645683e-01,nan
5.249524720812942524e-01,nan
-2.647564174886289645e-02,nan
-2.172355476011965880e+00,nan
-1.741846943348712706e-01,nan
7.614160070969535621e-01,nan
-7.551046348382748352e-01,nan
-2.725627451417650393e-01,nan
1.605138507366477008e-01,nan
4.661446112466430258e-01,nan
-2.409664340681190620e+00,nan
-1.523824631410670261e+00,nan
2.591826983809022877e+01,nan
8.660111217779941084e-01,nan
1.131149764261512924e+00,nan
-6.552953197820998721e-02,nan
-7.912582085002292098e-01,nan
-1.538091069336293137e-01,nan
-1.821446387321736582e+00,nan
-2.027180925057972261e-01,nan
3.560221079215580287e-01,nan
6.312652688024145142e-01,nan
1.993748199442033409e+00,nan
1.944644498616744821e+00,nan
7.187920114963713969e-01,nan
5.027896717551314509e-01,nan
-1.084807709445895219e+00,nan
-1.310417106366652540e+00,nan
6.598155108919229184e-01,nan
3.658452766495252084e-01,nan
1.401601487816487301e-01,nan
5.816579412159319507e-01,nan
6.192284596159414178e-02,nan
6.204043109621357743e-01,nan
-5.455698239733571819e-01,nan
-1.145120288478894688e-01,nan
3.557750043087514746e-01,nan
5.325562312520583097e-01,nan
3.265159974054888670e-01,nan
-6.242173937198025602e-01,nan
-7.417108158943588325e-01,nan
1.345854600507873089e+00,nan
4.050877539164809416e-01,nan
1.149311676162951157e+00,nan
9.631656676785093074e-01,nan
6.104076243830105497e-01,nan
1.500220538558089678e-01,nan
-3.007278656951394291e-01,nan
-4.180928201006696154e-01,nan
-6.530413633985799882e-01,nan
5.208863414226822669e-02,nan
8.749362414996636472e-01,nan
-1.830061758772490166e-01,nan
-1.436327927655198788e-01,nan
-1.438318819502129309e-01,nan
-8.985750509281493770e-01,nan
7.280646999511624085e-01,nan
-1.133158297475546972e+00,nan
1.198340385800364505e+00,nan
-4.587535903130000869e-02,nan
-7.413442392460649621e-01,nan
-5.848574738116414373e-01,nan
-2.015673035045518091e+00,nan
1.120382658446029023e+00,nan
9.927945590647927476e-01,nan
-2.810430204500481977e-01,nan
-1.682669291604242945e+00,nan
3.757425416847244848e-01,nan
1.678780411783007187e+00,nan
3.070278569157159909e-01,nan
-4.575818527710109884e-01,nan
-5.750074067153602142e-01,nan
-1.473335362014323202e+01,nan
1.210124288490469907e-01,nan
-3.406911436872704368e-01,nan
-1.244816745769280697e+00,nan
-1.893361238759364351e+00,nan
-2.622506781924973107e-01,nan
2.459979383497115091e+00,nan
1.761602546360541366e+00,nan
-6.847693425160266134e-01,nan
-2.813629735287972999e-01,nan
-2.030755882370343379e-01,nan
-5.865494947581578744e-01,nan
-2.031040840537505776e+00,nan
-1.923583256739210379e+00,nan
-1.363636575556759434e+00,nan
-2.091684049171017801e+00,nan
-2.036419176063618830e-01,nan
-8.626471385284010251e-01,nan
-1.561502818471083520e+00,nan
-4.103202229913882615e-01,nan
1.971427971881027918e+00,nan
2.491238511589963234e-01,nan
-5.183323796239878156e-01,nan
-5.579357218226719262e-01,nan
-8.035379926437046239e-01,nan
-3.315819991095068642e-01,nan
-4.592649973556708898e-01,nan
1.144656212019636410e+00,nan
1.606085377695451455e-01,nan
-3.631275345247628183e-02,nan
2.000660900419896637e-01,nan
-1.502474101556007913e+00,nan
-9.912917349044777504e-01,nan
1.952110682189801549e+00,nan
5.641921797950555373e-01,nan
-2.428084044898908278e+00,nan
-1.286637590520236296e+00,nan
-3.214035355012002659e-01,nan
-3.222081156035187521e-01,nan
3.377767926437664769e-01,nan
-8.435725405806570043e-01,nan
-1.653988816410325094e-02,nan
8.303884743524677647e-01,nan
2.788735762335818880e-01,nan
4.462453327519411150e-01,nan
6.213242088251705320e-02,nan
2.208332123219014065e+00,nan
1.999927907065123522e-01,nan
-1.000710548298197056e+00,nan
1.400674456877247342e+00,nan
-2.959799013089274844e+00,nan
-1.345919431663391785e+00,nan
-5.188292278483460640e-01,nan
-1.434805702698939811e+00,nan
1.194985054860410623e+00,nan
1.480117757360338349e+00,nan
-5.183705014584178983e-01,nan
-1.277513607883063562e+00,nan
8.995474587966570956e-01,nan
2.031616571536554172e+00,nan
1.824232567633091717e+00,nan
-2.526819168009287520e+00,nan
-2.143734873694299381e+00,nan
-1.634412017989071708e-02,nan
-5.979131683136704734e-01,nan
-2.489444284530844875e+00,nan
-1.337272066152249250e+00,nan
5.940784922836684911e-01,nan
-3.906050756943212909e-01,nan
2.268229224253216769e-02,nan
4.072821361934406137e-01,nan
5.846490086094819905e-01,nan
1.323608082416432463e+00,nan
-9.536851115761363351e-02,nan
-1.189182411765992597e+00,nan
-1.445707805506382337e+00,nan
-1.061535389508975635e+00,nan
2.288643188573369000e-02,nan
3.580874628922333103e-01,nan
1.166363299076762061e+00,nan
1.392783644904327822e+00,nan
2.965993717825036926e-03,nan
-6.371027387555597832e-01,nan
-2.137552079535752214e-01,nan
-8.346254611954951885e-01,nan
-7.657327948793775096e-01,nan
-7.559706740421626714e-01,nan
-1.121124267342365366e+00,nan
3.682282350478962019e-01,nan
1.255356284010005874e+00,nan
-1.941079427896097442e-01,nan
-1.337708265008347386e+00,nan
3.680235073979609695e-01,nan
2.733920628743235159e+00,nan
9.689754250534753366e-01,nan
1.409259473217970293e-01,nan
3.187827235790658964e-01,nan
-1.061122232546396038e+00,nan
-4.601543639660211071e-01,nan
9.186927735322936162e-02,nan
-6.769348699850593620e-01,nan
-5.687688006941563623e-01,nan
4.175827660163208832e-01,nan
1.302338991265166585e-02,nan
1.703428962009893854e-01,nan
-1.623260554504271314e+00,nan
-2.827686934831476484e-01,nan
-1.349730233281524472e-01,nan
1.312807626678841842e-02,nan
-3.520097431297227741e-01,nan
-2.492159639889049316e+00,nan
-1.851347402253618935e+00,nan
1.196702413185232849e+00,nan
1.256431003880386754e+00,nan
1.847253922635604617e+00,nan
1.797482064084082065e+00,nan
9.297356189581272856e-01,nan
1.303958704927833834e+00,nan
1.244851658876676481e+00,nan
-3.032051714553884114e+00,nan
-3.763445604731181504e+00,nan
-1.220011524824594185e+00,nan
5.353633608374810393e+01,nan
-1.335911821933319366e-01,nan
-2.805424259349840743e-01,nan
1.594199953666555758e-01,nan
8.241858161611217426e-01,nan
-1.630033070011557561e-01,nan
5.196297888824008560e-02,nan
-3.621373521017155761e-02,nan
3.258686670495584692e-01,nan
-3.601671826358893852e-02,nan
-3.601686370954172711e-02,nan
2.263445763731094726e-02,nan
-1.339656245338723961e-01,nan
-4.569520321122848977e-02,nan
-2.803129640182671078e-01,nan
3.182471216849498512e-03,nan
1.201987074869979577e-01,nan
-6.691203035428374378e-03,nan
3.062205827526882085e-01,nan
5.195958501471936719e-02,nan
8.534535224572968870e-01,nan
3.254084701558000448e-01,nan
7.459859775574980700e-01,nan
-1.434989382392688195e-01,nan
-2.998612950208725536e-01,nan
-1.141905456137715796e-01,nan
-1.239654421700164544e-01,nan
3.240046845560976690e-02,nan
-1.042254054193107599e-01,nan
-5.444286880200894796e-01,nan
-1.646514673354581779e-02,nan
3.451605919670564515e-01,nan
1.305097176699434799e-02,nan
2.764356070213708771e-01,nan
3.081658463064170482e-03,nan
-5.734461344385279880e-01,nan
-1.044299129920623487e-01,nan
-1.199429090915217433e+00,nan
-2.604756342078505885e-02,nan
3.744610202108807351e-01,nan
-9.447427703217728401e-02,nan
-2.510830176273057268e-01,nan
-1.698257212594940890e+00,nan
-2.806959340060498631e-01,nan
-1.463764747643149899e+00,nan
3.649954458710749083e-01,nan
7.756328451626521847e-01,nan
-3.593235753126161613e-02,nan
-5.542805346713057801e-01,nan
1.595763236398787810e-01,nan
2.472978686864361064e-01,nan
1.286853485845418019e-02,nan
-4.857277962432667295e-01,nan
1.287005487760373157e-02,nan
-7.989739163573584824e-01,nan
6.193187552219857617e-01,nan
9.811937454781058943e-01,nan
2.573427546268597932e-01,nan
7.265768243365229306e-01,nan
3.241908563065130228e-02,nan
2.084107605745010861e-01,nan
-3.602282820477253900e-02,nan
-5.557756833395535029e-02,nan
1.008582670987766550e-01,nan
7.462958359185296597e-01,nan
-1.646710173188248652e-02,nan
-2.415131466412343275e-01,nan
7.151863992779493306e-02,nan
9.024223152838026785e-01,nan
-1.630878748151874114e-01,nan
2.083531541692398292e-01,nan
-6.691203035428374378e-03,nan
-8.178403061360102200e-01,nan
6.089633530635619740e-01,nan
-1.646610005777581279e-02,nan
1.332319168848505431e+00,nan
-1.142895180434249924e-01,nan
1.068129026172593088e+00,nan
1.917900908784707648e+00,nan
-1.041757815254529401e-01,nan
5.402956597772292646e-01,nan
3.257269308812690833e-02,nan
-4.561905023439842277e-01,nan
4.214783749310061639e-02,nan
9.991079708119987579e-01,nan
1.495644340467561784e-01,nan
8.137784418987458190e-01,nan
1.594004943467104418e-01,nan
-3.192521132765301917e-01,nan
-5.242448154270944460e-01,nan
-2.996661578640686940e-01,nan
-1.141189904756106377e-01,nan
-9.542888236164859261e-01,nan
2.376945152130716388e-01,nan
-2.997208475294589891e-01,nan
-6.529887462454654623e-02,nan
-5.049775556825771838e-01,nan
6.188549379446572907e-02,nan
-4.854747496260312656e-01,nan
-4.576931067177036905e-02,nan
-4.463377112576489281e-01,nan
-1.110836566194208341e+00,nan
1.303121959492366810e-01,nan
-1.199176713232080527e+00,nan
-2.216221772820367586e-01,nan
1.732764571942788434e+00,nan
5.193651708703224401e-02,nan
3.450629105931257712e-01,nan
-4.815659452956454345e+01,nan
-9.624685549486738934e-01,nan
-7.846673412561548933e-01,nan
-5.390963291632788756e-01,nan
6.536101415876691689e-01,nan
-3.625094609484666441e-02,nan
-2.234671676802361395e-01,nan
1.214046457519777078e-01,nan
-1.741031804584143028e-01,nan
-2.273575018773919432e+00,nan
-8.052008021593537457e-01,nan
1.412876666257520120e-01,nan
-1.505481178264796327e+00,nan
-1.002840926463840932e+00,nan
5.752794341556247693e-01,nan
6.540092800168786358e-01,nan
-2.826972470636572865e-01,nan
-3.618990764814923877e-01,nan
-6.592586005677294678e-03,nan
6.934482467113426418e-01,nan
5.649949901140629560e-01,nan
-4.895346414608149344e-01,nan
3.777527895306208028e-01,nan
4.468397168397528763e-01,nan
-5.786388575984946492e-01,nan
5.256675997451825538e-02,nan
1.688958910066638452e+00,nan
1.195742653177795045e+00,nan
8.801934607971489966e-01,nan
-7.555087450469016863e-01,nan
-1.504906563575517220e+00,nan
-8.446194047142613348e-01,nan
-3.123181005422099865e-01,nan
-2.205698760724850160e+00,nan
-8.649204418843843278e-01,nan
-1.584891639537691521e+00,nan
-1.220742910251343183e+00,nan
-3.026682835925232906e-01,nan
-1.220756885339950859e+00,nan
-9.643009565229303526e-01,nan
-7.273701334942338503e-01,nan
-7.079045811208883876e-01,nan
2.403871308785984762e-01,nan
2.303416245302136289e+00,nan
1.315897575576007394e+00,nan
-2.958247312491522951e+00,nan
1.711348698004081792e-01,nan
-8.658548939052969073e-01,nan
-1.102822064559277893e+00,nan
5.264375563212165821e-01,nan
-2.485782402177545869e+00,nan
-2.566391039673482144e+00,nan
-1.163277616465852926e+00,nan
1.416017500441286714e-01,nan
2.019606499613928019e+00,nan
1.366842543098603535e+00,nan
-8.367022251570048752e-01,nan
-2.092015047257511640e+00,nan
3.265201228323682398e-02,nan
6.161422610978777303e-01,nan
1.110508225704379903e+00,nan
7.054491967575563649e+01,nan
2.083318120875649049e-01,nan
4.034127593072548978e-01,nan
-8.761453747013185911e-01,nan
1.204539444972171636e-01,nan
3.236973722655447222e-02,nan
-4.168439462357942382e-01,nan
-1.139641843061551141e+00,nan
2.083907759285437145e-01,nan
2.567296080342147957e-01,nan
3.059409595607648358e-01,nan
1.272769953382660635e+00,nan
1.200484638120139363e-01,nan
-7.523573946955408598e-02,nan
1.360143783138360041e+00,nan
9.404377281292154445e-01,nan
-7.388652708120976298e-01,nan
-4.166936175917994034e-01,nan
4.033112115201585857e-01,nan
-3.776445436822443713e-01,nan
-1.959460877515715183e+00,nan
-2.509304233962165731e-01,nan
4.133237000224759816e-01,nan
5.209483147779681023e-02,nan
-4.854921406054372723e-01,nan
-1.635941654428762701e-02,nan
-3.973393160289416803e-01,nan
-5.927117693669887721e-01,nan
-4.071719971015160811e-01,nan
3.744499223513653718e-01,nan
-4.564051744707646741e-01,nan
1.077584842393334297e+00,nan
1.116444665109761702e+00,nan
-2.801069475627319671e-01,nan
-8.481230944128625993e-02,nan
-1.706080677773130994e+00,nan
-3.780825996252784593e-01,nan
-4.557045188141480019e-02,nan
6.380070305993803537e-01,nan
-7.684194723452532072e-01,nan
-4.596223488885550074e-02,nan
3.238445119612861495e-02,nan
1.298761800842529457e-01,nan
-4.950464657428811921e-01,nan
-3.975803181407063236e-01,nan
-6.513580958531344223e-01,nan
-2.315301836087615417e-01,nan
4.037971624536521031e-01,nan
-1.521174090046298888e+00,nan
2.376379952049800237e-01,nan
-1.925759383830336346e-01,nan
-1.707680860239876752e+00,nan
-2.822678677842224371e+00,nan
-6.131283179363499203e-01,nan
-8.869181699463449808e-01,nan
7.365897423361380536e-01,nan
1.889449996497980233e-01,nan
-1.121904273894113846e+00,nan
-1.533113183029518156e+00,nan
6.978602148270316441e-01,nan
1.734756227270374263e+00,nan
-5.878789247212177216e+00,nan
1.990476514164219779e+00,nan
-3.393098680329604822e-01,nan
-4.083448591972012598e-01,nan
-5.059818961139013194e-01,nan
1.298752238020944860e-02,nan
3.065931168915526084e-01,nan
-4.594873468234880742e-02,nan
3.246842985537863602e-02,nan
7.192097708613719165e-02,nan
9.100965132639496358e-02,nan
1.288793232065313377e-02,nan
-4.276569013166143240e-01,nan
-2.004337207597501891e+00,nan
-6.921819680979481859e-01,nan
1.099809574144867463e+00,nan
5.245737165097892618e-02,nan
-2.908839683987063940e-01,nan
9.527718273674875560e-01,nan
-7.507070527230824686e-01,nan
1.402980274835950725e-01,nan
1.422762312279754138e+00,nan
1.010007276931228076e-01,nan
9.130674938001324958e-02,nan
4.632064819929693766e-01,nan
-3.787883550635410823e-01,nan
6.183673510796725697e-02,nan
-1.340559046110576802e-01,nan
4.143556665756881752e-01,nan
2.283529224891418075e+00,nan
6.488923468768272862e-01,nan
-9.951824654064987952e-01,nan
-7.113196086939373997e-01,nan
-4.859843661032356432e-01,nan
3.455641828949832517e-01,nan
1.694775556836372599e-01,nan
3.160754933635376296e-01,nan
9.127058245665672920e-02,nan
3.554890777209698260e-01,nan
-1.934594953586283639e+00,nan
9.100124050972958900e-02,nan
1.304854638201593753e+00,nan
-1.439005076992286858e-01,nan
-2.609576611535180390e-01,nan
1.363360586730125057e+00,nan
9.423728280409477964e-01,nan
-1.073175806469421900e+00,nan
-3.491811918950978311e-01,nan
4.340408240231925507e-01,nan
2.179677219795607968e-01,nan
-4.372297393847200397e-01,nan
9.125906875644194949e-02,nan
1.314157975083563690e+00,nan
1.010455071291592732e+00,nan
-7.304533284424097328e-01,nan
1.889553569701043767e-01,nan
6.975828158600835271e-01,nan
8.539742497445272917e-01,nan
-3.783268255564295468e-01,nan
1.205928271641605320e+00,nan
9.514934421051013391e-01,nan
-1.666012166061176814e+01,nan
-9.483140911582424448e-02,nan
-1.595302948088567430e+00,nan
-2.360829563785921348e+00,nan
4.150627452709291232e-01,nan
6.506512785136885357e-01,nan
1.229122768028024115e+00,nan
2.169870993354154010e+00,nan
1.169699369632006380e+00,nan
-1.732204017231365745e-01,nan
-2.153661761105261530e+00,nan
-1.399011413577056828e+00,nan
-5.855645492682691744e-01,nan
1.513441413983139361e+00,nan
2.090378872818231537e-01,nan
-8.206193965184328531e-01,nan
3.658664618826664716e-01,nan
1.012765047477437313e-01,nan
1.403025341505421131e-01,nan
1.336675967840718293e+00,nan
1.022615089576792702e+00,nan
-1.800937137965292090e+00,nan
-1.359745252774601010e+00,nan
1.336753900903959957e+00,nan
-5.165760315028435912e-01,nan
-9.382270449269596302e-01,nan
-3.599659347288771682e-01,nan
-5.459613519630397427e-01,nan
4.051712473286376293e-01,nan
6.504245351242978757e-01,nan
1.228684820078231210e+00,nan
8.955056153865041946e-01,nan
-1.006743767163510883e+00,nan
-1.507283417263332481e+00,nan
-1.926491589394682957e-01,nan
-3.501795565294150148e-01,nan
-2.233670241574578164e+00,nan
-8.113568551163011788e-01,nan
4.280325246804256523e+00,nan
1.522932850223287504e+00,nan
2.316403741387197179e+00,nan
1.580624129318861204e+00,nan
-1.584206380466027353e+00,nan
2.285076422976325683e-01,nan
-6.437097202614378011e-01,nan
-1.271033216494371398e+00,nan
-2.028506610954786127e-01,nan
-3.302067746585920505e-01,nan
-4.590641456301770146e-02,nan
1.463505234804790778e+00,nan
1.355840161539116684e+00,nan
-1.241609742604151689e+00,nan
1.300914896154829054e-02,nan
2.139274002173956468e+00,nan
-2.614342199521386134e-01,nan
3.852165848957025962e-01,nan
1.521501016589274835e+00,nan
-3.691113217430402327e-01,nan
-1.544775085543517834e+00,nan
7.770958010294065632e-01,nan
1.364686102123864542e+00,nan
3.028805232967223660e+01,nan
1.279748924431563586e-02,nan
2.953753135290799747e-01,nan
-1.643504335005130379e-02,nan
-4.549252161245755377e-01,nan
-4.566967961902062417e-02,nan
-9.519979368567369482e-01,nan
2.254735259997279334e-02,nan
8.102359638321431079e-02,nan
5.188206621745896502e-02,nan
2.076176936868410483e-01,nan
3.229093548713522083e-02,nan
6.559658335160647447e-01,nan
1.279758559698357910e-02,nan
6.753759338095939313e-01,nan
3.218425369234265143e-02,nan
1.393574144399357395e-01,nan
-6.691203034115466262e-03,nan
-6.301485066851262272e-03,nan
-1.672644892665008098e-02,nan
1.493890433401429685e-01,nan
1.289160814422148256e-02,nan
1.881591063025669086e-01,nan
5.176263767750232531e-02,nan
1.002778291186224441e-01,nan
-1.430819294504668271e-01,nan
-7.179223958347448198e-01,nan
-2.617819323591568520e-02,nan
3.228271314288337634e-02,nan
9.074246351564267676e-02,nan
7.337521980089602991e-01,nan
-6.691203035428374378e-03,nan
-3.379307362798217862e-01,nan
-2.617645935042182612e-02,nan
-8.054471245621273034e-01,nan
7.106508987859107285e-02,nan
-3.479300562841804445e-01,nan
2.263935207397697880e-02,nan
-6.690515188666491531e-01,nan
-2.214845564450581006e-01,nan
-1.029795494920735077e+00,nan
2.861318118959219926e-03,nan
-6.889554776884367904e-01,nan
-4.549070855269957830e-02,nan
-9.428308191227599000e-01,nan
-8.469327776690879772e-02,nan
5.003038901898964053e-01,nan
7.244751613507957044e-01,nan
-1.663445915775901840e-02,nan
-4.353394256531787909e-01,nan
3.230468932987481251e-02,nan
-8.452570742725622477e-01,nan
1.105065257997850658e-01,nan
4.026051044991621475e-01,nan
7.130392651712011420e-02,nan
6.074844922709800032e-01,nan
3.154586174459554897e-03,nan
-1.822606571376625684e-01,nan
-6.691203036084827568e-03,nan
1.100957217496550539e-01,nan
-6.496235140266874881e-03,nan
-6.308163653110240299e-01,nan
-1.234904521528509547e-01,nan
-2.327555298411615237e+00,nan
3.444223512455687475e-01,nan
-3.675582092329322537e-01,nan
2.266663856209048811e-02,nan
5.003669203536981192e-01,nan
3.061364078263900581e-03,nan
-1.225691683265633936e+00,nan
-6.541400538171431023e-02,nan
-1.040776300282749700e+00,nan
7.135926503027893719e-02,nan
-2.620372346215660633e-02,nan
-6.691203035428374378e-03,nan
-1.823067845889181082e-01,nan
5.398463693242110395e-01,nan
1.101805002497290020e-01,nan
1.007790796134359290e+00,nan
7.153373816304314792e-02,nan
8.511792685412462589e-01,nan
-7.456727887674807764e-02,nan
9.292667772746627808e-01,nan
4.612322345499011989e-01,nan
1.008508758712177711e-01,nan
2.271061329490155489e-01,nan
3.058276574697980140e-03,nan
6.562356997308353979e-01,nan
1.785250884880911493e-01,nan
1.280491120541713337e-02,nan
4.807882342822717425e-01,nan
2.076466627034216084e-01,nan
4.414535436450378603e-01,nan
4.203932301429540164e-02,nan
3.151151075170621763e-01,nan
-3.592787921038387983e-02,nan
8.411137183216764734e-01,nan
4.224271569237781909e-01,nan
1.240598379283564673e-02,nan
-5.540863839921150724e-02,nan
1.279581927844957757e-02,nan
2.175998001046466901e-01,nan
-3.601808354144761526e-02,nan
4.121530048719797001e-01,nan
-2.617620250412295430e-02,nan
6.362798786523887751e-01,nan
-1.235898356785392477e-01,nan
1.279206290032032858e-02,nan
-8.640156424779432687e-01,nan
-6.302779728059152431e-01,nan
-6.889119957977305475e-01,nan
-1.244361317896491403e+00,nan
8.997309167277920405e-01,nan
1.338066244855492526e+00,nan
1.844286166630316304e+00,nan
-8.165083271758598826e+00,nan
2.761654347678222932e-01,nan
2.782135953844544485e+00,nan
-6.691203035428374378e-03,nan
9.973545445519433894e-01,nan
-5.235097692058851004e-01,nan
-7.668923360210290197e-01,nan
-2.406789065971116082e-01,nan
-2.016880295553612756e-01,nan
4.417918843814822027e-01,nan
1.884858127185486676e-01,nan
-3.968566857020049410e-01,nan
1.046170135858317307e+00,nan
1.123756161684160260e+00,nan
2.858760202150582019e-01,nan
-3.672857910124451841e-01,nan
1.094320304968532165e+00,nan
1.104247484521120315e+00,nan
-2.307718352914670534e-01,nan
-8.463428314216511761e-02,nan
-5.815531516044710747e-01,nan
4.218298371686755588e-01,nan
-2.305939569578363268e-01,nan
1.004869781511904120e-01,nan
1.297145814888949478e-01,nan
-2.697623195078717173e-01,nan
-3.284333458381318849e-01,nan
-1.136826266702771898e-01,nan
-8.474354488699448185e-02,nan
-4.840899338959533948e-01,nan
6.152489717798257512e-02,nan
-7.490730324926031525e-02,nan
-1.918531565950012951e-01,nan
9.385485396331848529e-01,nan
8.703950880025851378e-01,nan
8.503931858450086700e-01,nan
-5.911862926570297105e-01,nan
-2.617536780255766068e-02,nan
3.341749957466239596e-01,nan
9.189745805421420943e-01,nan
1.099929880389515641e-01,nan
-2.599319376507767676e-01,nan
-4.839820712960092863e-01,nan
1.054984995934509673e+00,nan
7.044278364888028054e-01,nan
-4.451168526991435836e-01,nan
-7.761084419053139172e-01,nan
3.147231111659254954e-01,nan
1.142660305787476682e+00,nan
9.375926239957748098e-01,nan
-9.901205928881989804e-01,nan
-1.000023548304719512e+00,nan
2.465270070907165101e-01,nan
-5.618376064164419814e-01,nan
-1.165849086738662166e+00,nan
-1.820457967653268117e-01,nan
-5.522720874991595696e-01,nan
-5.717127553834401299e-01,nan
-6.788642000605129775e-03,nan
-2.600379399437280914e-01,nan
-3.185174740500961166e-01,nan
1.284251016146801305e+01,nan
-3.586229793542957539e-02,nan
1.391628323137303613e-01,nan
-5.706800808991110419e-01,nan
-1.348812084107399389e+00,nan
-6.681381878454732970e-01,nan
6.744035164580306496e-01,nan
5.147349018349924726e-02,nan
-6.682267585688176359e-01,nan
1.684998771097586112e-01,nan
2.267591375482957972e-01,nan
4.018247156115335450e-01,nan
-1.331335904144218263e-01,nan
-5.416696859922629503e-01,nan
-4.833491714862800936e-01,nan
-3.277274079478548763e-01,nan
6.150612767694452893e-02,nan
2.239700542772447150e-02,nan
2.851558108212996490e-01,nan
4.016758708610201900e-01,nan
7.327335697283927640e-01,nan
5.166514201522988403e-02,nan
-6.194615532881754261e-01,nan
-2.693265086955076160e-01,nan
2.267629780745309964e-01,nan
-2.401453841466994199e-01,nan
-1.623324447212430022e-01,nan
2.265745767492636509e-01,nan
4.310220794455058568e-01,nan
3.922805423638688893e-01,nan
-7.487047420877997184e-02,nan
-2.400239303531804813e-01,nan
4.698852231669795043e-01,nan
7.810345853217753875e-01,nan
1.976141120506021420e-01,nan
1.389729116082071558e-01,nan
-9.410868906217760566e-02,nan
1.099948076445811662e-01,nan
-6.290432043796584383e-01,nan
-1.718497046850995025e+00,nan
8.006426190686846134e-01,nan
-8.431105537147761675e-01,nan
6.061174435679835826e-01,nan
-5.125942123333114830e-01,nan
3.921207796812937185e-01,nan
-1.514536438803561813e+00,nan
-1.651167215592629134e+00,nan
1.812519993562943244e+00,nan
-2.008849676424777075e-01,nan
-1.154666192068624087e+00,nan
-2.654287502663570109e-02,nan
1.151600730135043937e+00,nan
1.195940476723484081e-01,nan
3.437411052378985254e-01,nan
6.838000761762363933e-01,nan
-1.563280327678699955e+00,nan
8.087781293214094114e-02,nan
-6.507040291340294991e-02,nan
5.770748594645527252e-01,nan
-6.506521579481504280e-02,nan
-9.198054754519111142e+00,nan
8.995460438381733814e-01,nan
-6.011227336746415295e-01,nan
-4.061952396262252796e-01,nan
2.174241414045835485e-01,nan
3.440809789539097663e-01,nan
7.922122052718283403e-01,nan
-4.548432373638312542e-01,nan
-7.081173193973790969e-01,nan
9.065016194273887995e-02,nan
8.119262168608770702e-01,nan
4.413471549138161532e-01,nan
-9.456210773887210874e-02,nan
-3.475686342599021428e-01,nan
-6.789563621975439611e-01,nan
-6.985221075315480865e-01,nan
7.825741707915446765e-01,nan
5.975615203973411171e-01,nan
1.587319423910203142e-01,nan
4.024627745971426918e-01,nan
2.291545988807796252e+00,nan
1.658502639981580984e+00,nan
1.277855833911397017e-02,nan
-5.518687566447462167e-01,nan
-2.308126983198166837e-01,nan
6.749934148009144597e-01,nan
-4.155757145544822784e-01,nan
-1.184826105505026872e+00,nan
-3.669942008503314645e-01,nan
5.094116968675820312e-01,nan
7.720520128388301817e-01,nan
-4.056893554625827791e-01,nan
-1.137963157105538609e-01,nan
5.970641704089970636e-01,nan
-6.300178112604954972e-01,nan
-6.691203036084827568e-03,nan
-4.447727597918344489e-01,nan
-5.812416633721942949e-01,nan
-9.319321618173911359e-01,nan
-1.527951166015915074e-01,nan
8.796170597862372764e-01,nan
7.625361525473155488e-01,nan
4.228899574946715090e-02,nan
-1.662353659258596073e-02,nan
-3.183022971339867224e-01,nan
6.261542621391319452e-01,nan
7.431123276842529490e-01,nan
7.429199112313509268e-01,nan
-1.291797017420417859e+00,nan
-1.925036504923789860e+00,nan
6.749628402886934664e-01,nan
1.716815423238043037e+00,nan
2.056960824111981889e+00,nan
7.329332339924978790e-01,nan
2.463169715954555694e-01,nan
9.079403447847553821e-01,nan
1.861052876717287363e+00,nan
6.934634980034339868e-01,nan
4.018480595186367799e-01,nan
3.033262881155178881e-03,nan
2.753113516919162840e-01,nan
7.223538043766933647e+00,nan
4.186915171718839923e-02,nan
8.768433683147499602e-01,nan
3.234519944900623306e-02,nan
-9.486862709121574033e-01,nan
-1.492823585500148598e+00,nan
-5.118670076180577011e-01,nan
-4.555266810170948560e-02,nan
3.024187175865320366e-03,nan
4.887725314313959846e-01,nan
1.129804042871238590e+00,nan
1.362641082100334078e+00,nan
1.575803587600260958e+00,nan
-5.988028339658775234e-01,nan
-2.202892263334401413e-01,nan
2.748682095486201793e-01,nan
2.243486753621188809e-02,nan
-2.397037849379827223e-01,nan
-1.482650833311420113e+00,nan
-4.437236283023602290e-01,nan
-4.554009304330592506e-02,nan
2.244548839933888790e-02,nan
9.259955490396143407e-01,nan
1.041774484415576518e+00,nan
-3.564180294222537571e-01,nan
-4.552943933888996958e-02,nan
3.428437401302642518e-01,nan
9.039816985288912088e-02,nan
5.174667841757485398e-01,nan
-5.597816566153296369e-01,nan
6.532833308679133477e-01,nan
2.359993527913090416e-01,nan
2.359893919985099897e-01,nan
1.012458542688092988e+00,nan
-1.482088706963919256e+00,nan
-1.307675987516991434e+00,nan
-2.978014668404615484e-01,nan
-7.466430925372330440e-02,nan
7.213572296480382784e-01,nan
9.040103954110652318e-02,nan
3.427305841685831522e-01,nan
-2.601129047246051804e-02,nan
-1.074733934999384077e+00,nan
-1.667492466032727050e+00,nan
-1.376297555872804335e+00,nan
-1.036411994536241110e+00,nan
-4.575377827657970548e-02,nan
4.985759200838082994e-01,nan
-5.313925393238700945e-01,nan
-6.691203035428374378e-03,nan
2.263208044783258932e-01,nan
3.043334521171461304e-01,nan
-1.289275302499280906e+00,nan
-7.062584368133042467e-01,nan
-1.641069726432047016e-02,nan
-3.468835669339189742e-01,nan
2.946230241744122180e-01,nan
9.165954895132996105e-01,nan
9.259735337199074268e-01,nan
-8.403517437866819817e-02,nan
-2.324631695580234947e+01,nan
-8.473098336618255233e-02,nan
1.719698275916068386e+00,nan
-6.520462722732596472e-02,nan
1.377971212157345082e+00,nan
5.979730084123326961e-01,nan
-2.628673571400928083e-02,nan
-1.920233082879057585e-01,nan
-6.691203035428374378e-03,nan
-1.529331560476560881e-01,nan
-4.748847676002243556e-01,nan
-2.025164402288647469e+00,nan
9.084484458089586711e-02,nan
8.108986421009078960e-02,nan
3.232218632397754893e-02,nan
4.029338445832526538e-01,nan
3.256480887191358971e-03,nan
1.979152893223333765e-01,nan
1.981032483384821408e-01,nan
-4.162871992308368463e-01,nan
-6.993630888143212987e-01,nan
2.568496804579508130e-01,nan
5.490274961016580191e-01,nan
6.167282825533117879e-02,nan
-2.504062493293175984e-01,nan
-6.501265966043601185e-02,nan
-6.898167783225234162e-01,nan
8.119102504723708924e-02,nan
5.202627249801942966e-02,nan
1.426829174484095297e+00,nan
-5.040294701382379561e-01,nan
1.387700510113699881e+00,nan
1.200553757173722647e-01,nan
6.565390862888114132e-01,nan
-1.673220651603955778e-02,nan
1.005419333927869835e-01,nan
-2.618799228176993052e-02,nan
3.832323676163776893e-01,nan
-6.691203035428374378e-03,nan
3.732645796331143240e-01,nan
5.003333575523385424e-01,nan
1.630461484248840964e+00,nan
1.102309308469853893e-01,nan
4.609742132453236163e-01,nan
1.289147939960279612e-02,nan
-2.306780940618047560e-01,nan
-1.627758190429757224e-01,nan
1.784274251176754533e-01,nan
-2.617710149374021314e-02,nan
-3.184743121439799762e-01,nan
-6.515236631112047982e-02,nan
-1.117660596767270587e+00,nan
1.688209593632165328e-01,nan
9.872271915729438074e-01,nan
9.074278462657589528e-02,nan
5.779764320999661864e-01,nan
4.202037182393046633e-02,nan
-9.421210010331353413e-01,nan
2.244273571541031270e-02,nan
3.257605250129898961e-02,nan
-6.691203035428374378e-03,nan
-5.915372108646902438e-01,nan
-3.592527727763262374e-02,nan
2.953872610525719589e-01,nan
1.004942198312212404e-01,nan
9.191150924461204408e-01,nan
-2.637111702778415986e-02,nan
1.123336362948635481e+00,nan
1.294820208946349527e-01,nan
2.136211651236632481e+00,nan
5.173010230476949439e-02,nan
9.764527685287504033e-01,nan
-8.467080763303400093e-02,nan
-2.402467582811501912e-01,nan
-6.593845734060458340e-03,nan
-3.183401352620359170e-01,nan
-4.563630417252470539e-02,nan
-1.214019204058073287e+00,nan
8.016294602686362403e-01,nan
-4.583392946436030263e-02,nan
6.943333159437955482e-01,nan
2.853778182412480269e-01,nan
1.453632196842295166e+00,nan
8.090505344985535197e-02,nan
3.726829356311612274e-01,nan
7.116605108764248455e-02,nan
5.966677585975320719e-01,nan
1.003499242474547026e-01,nan
-8.922715554226849921e-01,nan
-2.208074624773944117e-01,nan
-1.642016548525258912e+00,nan
9.075960470354703380e-02,nan
2.171183081604730336e-01,nan
4.198308019610289682e-02,nan
2.074708831437800383e-01,nan
-1.332405891188523095e-01,nan
4.159257459566224890e-02,nan
2.270719426028775315e-02,nan
1.054473603226348644e+00,nan
-3.598699623793763513e-02,nan
-3.179558035839873398e-01,nan
-1.068014487547770619e+00,nan
9.065904954631258394e-02,nan
-7.662604068259576406e-01,nan
-2.107653879377071604e-01,nan
1.638553755393873379e+00,nan
-2.989077896883709506e-01,nan
2.046987604195322774e+00,nan
-2.605577280960269179e-02,nan
-1.642216656154100660e-02,nan
-8.453948778224233684e-02,nan
-1.233131567209881485e+00,nan
1.491339675669885456e-01,nan
-1.544586020249239411e+00,nan
4.165000465398182428e+01,nan
-6.157465457748276805e-01,nan
3.026780809636597236e-01,nan
9.988405125200466861e-01,nan
1.259115340522501514e+00,nan
5.148473275913065250e-02,nan
-2.096329982775637646e-01,nan
-4.901072880053020664e-01,nan
6.105901431260994661e-02,nan
-1.419991148044288942e-01,nan
-3.353090231922889464e-01,nan
2.534788651603263610e+00,nan
7.953392618149272009e-01,nan
4.181418562511563519e-01,nan
8.819013546829774786e-01,nan
2.830383694287104679e-01,nan
-5.163788492965707633e+01,nan
-1.828747319989673104e+00,nan
-2.209497924351139009e+00,nan
-2.385864365982730551e+00,nan
-2.123399787834769015e+00,nan
-1.333580766627303182e+00,nan
-1.343834362894198442e+00,nan
1.096149253181274874e+00,nan
1.778888569869796710e+00,nan
1.124677468662298452e+00,nan
-4.560949936521990072e-02,nan
1.709664553352267635e+00,nan
7.150456190232546971e-01,nan
-3.477549880576363273e-01,nan
-2.474188183317060918e+00,nan
-1.421375296835367008e+00,nan
-3.872239665480777804e-01,nan
-2.075461557207946228e+00,nan
-2.311003663075054948e-01,nan
1.798589968953049789e+00,nan
-1.412063415755235418e+00,nan
2.268839841082558040e-02,nan
2.149919437738914141e+00,nan
1.086000929189693709e+00,nan
-6.310619807779994650e-01,nan
-1.997313185019883752e+00,nan
-3.013508033953669507e+00,nan
3.645456344529071080e-01,nan
7.840378162846998178e-01,nan
-2.605252707015996982e-01,nan
-1.637542090197371181e+00,nan
4.223500956048007599e-02,nan
2.766041170275000960e-01,nan
-2.770889619598724263e+00,nan
9.115957761898043632e-01,nan
2.268775902309699166e+00,nan
1.946080271245410609e+00,nan
1.925626691213302433e+00,nan
9.883540267326844653e-01,nan
-2.991964377606017300e-01,nan
-1.392336230140865938e+00,nan
-1.392661026970147597e+00,nan
-2.369640286430927389e+00,nan
5.208119940112372337e-01,nan
1.106164681047089315e+00,nan
1.037921746204971019e+00,nan
-2.691467925473303602e+00,nan
-2.810024395656274265e+00,nan
4.427129752846650779e-01,nan
-1.227977920746711193e+00,nan
8.629885011694352626e-01,nan
-8.765663332990571988e-01,nan
-1.736269373864469667e+00,nan
-9.548609186566565654e-01,nan
-3.000681178271747962e-01,nan
1.888298516024323470e-01,nan
-2.010892993589137312e+00,nan
4.821510612965908549e-01,nan
7.755287998996942544e-01,nan
8.829582653555572147e-01,nan
-2.001256575148294026e+00,nan
-3.744114492840773067e+01,nan
-1.995112016000443411e+00,nan
3.288294370493061863e-02,nan
1.703063411073774125e-01,nan
1.509088564160278034e+00,nan
3.633529789434650770e+00,nan
3.051526130510222590e+00,nan
2.145560838783118651e+00,nan
-3.997740252049465925e-01,nan
-1.008974114663587551e+00,nan
1.830861471936385598e+00,nan
1.634024650152221536e+00,nan
-1.185602665387118781e+00,nan
-2.709446783080303067e+00,nan
2.126369422485839600e+00,nan
2.920591668637237959e+00,nan
-1.578312028706485570e+00,nan
-1.539423814351178477e+00,nan
3.077478796327436372e-01,nan
-1.087842166695516255e+00,nan
-1.559680719209457056e+00,nan
8.682424883371748781e-01,nan
1.860600158226134893e+00,nan
1.889380382606206110e+00,nan
8.281734131844988855e-01,nan
9.851711726630680843e-01,nan
2.408436090946448171e+00,nan
1.867788542582855982e+00,nan
5.231586858892083303e-01,nan
-8.407356300649416747e-01,nan
-1.125280402475880903e+00,nan
4.936479693406513047e-01,nan
1.367109967156105332e+00,nan
-2.234372509702050813e+00,nan
-2.284307935184703542e+00,nan
-1.037797581398814728e+00,nan
-8.020425545699535474e-01,nan
-5.667817496156789536e-01,nan
-3.209427178779985512e-01,nan
2.438803758003051492e+00,nan
-2.108268754422497171e+00,nan
-1.834270273976159382e+00,nan
-1.402170016910751604e+00,nan
-8.714636995940879816e-01,nan
-8.424894675453650228e-01,nan
1.457991444356951938e+00,nan
1.840847205144894971e+00,nan
8.579156961797232972e-01,nan
2.094407688299504133e-01,nan
-1.205340811086150543e+00,nan
-2.119657131187521859e+00,nan
-5.583893081696629512e-02,nan
-1.206120686216403781e+00,nan
-1.835746373232919337e+00,nan
-3.193770925160272167e+00,nan
8.788357094307193140e-01,nan
-2.348706347667749661e+00,nan
-2.329843439265593563e+00,nan
1.391010971836431187e+00,nan
9.581281227565733305e-01,nan
3.948586377196797770e+01,nan
7.559449950716051747e-01,nan
3.454119443215030727e-01,nan
2.263348802956307096e-02,nan
3.942604837967815246e-01,nan
1.285718457889087514e-02,nan
1.006282936098790021e-01,nan
-2.623923584169815526e-02,nan
-7.510982680005257039e-02,nan
-1.646535677221547950e-02,nan
2.376577933846571455e-01,nan
1.285628045978665264e-02,nan
1.244213343735050881e+00,nan
6.171000800031238576e-02,nan
1.625029368365706439e+00,nan
-2.632662180138099425e-02,nan
-2.195325622304779678e+00,nan
4.916851863908538456e-01,nan
-9.643928347320639416e-01,nan
-6.691203035428374378e-03,nan
1.195101812998307533e+00,nan
1.304673116138822808e-02,nan
3.548335594913912261e-01,nan
-1.032697501980944343e+00,nan
3.230029062695466413e-02,nan
2.572519712719837925e-01,nan
1.275471810724732903e-02,nan
5.894564809239639658e-01,nan
3.239194150580083226e-02,nan
4.818263078725745774e-01,nan
5.208623787583238629e-01,nan
-5.553677958448329649e-02,nan
-3.681610111948269148e-01,nan
-2.642613682716363210e-02,nan
-7.097667669273516333e-01,nan
-1.665757765588849262e-02,nan
-6.809261412865099672e-01,nan
-2.643083351751688084e-02,nan
-1.589789590425697785e+00,nan
7.160384465286565026e-02,nan
-3.391346237111541040e-01,nan
1.105116539170504925e-01,nan
-1.238940599877724896e-01,nan
-4.579192232674311747e-02,nan
-1.473057085484262618e+00,nan
-2.610130024178517472e-01,nan
6.190713466421037259e-01,nan
-6.495662589101428366e-03,nan
7.752233255232027220e-01,nan
-6.691203035428374378e-03,nan
-8.499531331600997108e-02,nan
1.595938164815511040e-01,nan
1.273771624839683314e+00,nan
2.262912558965739229e-02,nan
1.400513616127335048e+00,nan
-4.366349225392516242e-01,nan
2.375988364103049644e-01,nan
3.239426666840478780e-02,nan
1.664068745272877514e+00,nan
-1.655747148351783757e-02,nan
9.099389775604345421e-02,nan
-4.576504969018892893e-02,nan
-3.681365260445753629e-01,nan
-3.599854896419192596e-02,nan
-7.491924244336854999e-01,nan
-6.691203035428374378e-03,nan
9.120705740867389444e-02,nan
2.883589711404668018e-03,nan
1.478093347991570550e+00,nan
8.236057056956346267e-01,nan
1.495685583034856991e-01,nan
1.087011514851693894e+00,nan
-1.043350067805571962e-01,nan
-2.019836481115567239e-01,nan
1.397787354797573323e-01,nan
-4.070509636638225404e-01,nan
2.081393560199224224e-01,nan
-9.457548831412676549e-02,nan
1.983700973647996857e-01,nan
-8.480895509823963008e-02,nan
1.028285262978214210e+00,nan
-4.574362974918771974e-02,nan
3.740589555323584614e-01,nan
-3.386258685124744483e-01,nan
-4.068925066906867727e-01,nan
1.283620299755071012e-02,nan
2.273397402481495133e-01,nan
-5.550790681202268095e-02,nan
1.399529619892369015e-01,nan
-1.645435001569458405e-02,nan
-6.020783724783761448e-01,nan
-4.594316882580373046e-02,nan
1.379272607697056507e+00,nan
1.116408014761244960e+00,nan
