4.199272420591708688e-01,nan
1.033898706029207748e+00,nan
0.000000000000000000e+00,nan
-7.430438570672124321e-01,nan
6.459453031799279321e-01,nan
-8.396147540094323070e-01,nan
1.937914943589113537e-01,nan
9.366206896105649937e-01,nan
1.808290402317652923e+00,nan
-8.069653969278335337e-01,nan
1.162227554062490675e+00,nan
1.613810200720759425e-01,nan
1.936506469940897368e-01,nan
-1.936427550728934410e-01,nan
-1.129628774133657698e+00,nan
4.519589573921032333e-01,nan
-5.813576184779122302e-01,nan
2.263084721704133051e-01,nan
-1.775516857649431568e+00,nan
-2.906477282726992462e-01,nan
-2.906655079128314667e-01,nan
-2.583851464259306896e-01,nan
1.937993984095013611e-01,nan
-2.777678085813999775e+00,nan
-3.228515708937855222e-01,nan
-3.561627696166994594e-01,nan
-9.664305904139976200e-02,nan
-1.519492512417723207e+00,nan
-4.203301758726816217e-01,nan
-3.553721007280779554e-01,nan
8.084592382566321289e-01,nan
1.293314729429128895e-01,nan
-1.936686093318470692e-01,nan
8.083326517558671043e-01,nan
9.666014142962049693e-02,nan
-3.232714887461320824e-02,nan
-9.051663267542516822e-01,nan
-3.233352829224012820e-02,nan
1.067013694463920137e+00,nan
0.000000000000000000e+00,nan
2.259621586597528875e-01,nan
0.000000000000000000e+00,nan
4.528725755324828905e-01,nan
-6.432052380742761533e-02,nan
7.754121880328946892e-01,nan
2.262192447208259127e-01,nan
-4.524169501731269416e-01,nan
0.000000000000000000e+00,nan
3.231857362580104615e-02,nan
4.524569533049985215e-01,nan
1.292611066577659396e-01,nan
1.292252759558928377e+00,nan
-2.904274487664013082e-01,nan
-3.230758636993973781e-02,nan
-1.289081461070401557e-01,nan
6.429427829942294115e-02,nan
-6.429340833536627275e-02,nan
-3.263176938802751781e-02,nan
9.046493244937352518e-01,nan
3.230275434369725418e-02,nan
5.168405558477345840e-01,nan
3.229902149582757065e-02,nan
-3.229880194336452737e-02,nan
9.689706448601394240e-02,nan
2.680764116274848785e+00,nan
1.291206035458674073e-01,nan
-1.323450222536705523e+00,nan
1.937296016011370303e-01,nan
-3.874434064861130844e-01,nan
3.261247926795640684e-02,nan
-5.169526826628986216e-01,nan
3.875145018501683358e-01,nan
7.426755596552505612e-01,nan
1.291407820672300921e-01,nan
1.291372723061346428e-01,nan
2.582675254723522662e-01,nan
3.228168604185138735e-02,nan
-1.291258668999985537e-01,nan
-1.291293760418826819e-01,nan
-8.070805335821946702e-01,nan
-3.874644690588667784e-01,nan
-6.458267786895485196e-01,nan
9.688718556456966946e-02,nan
4.844260501114677764e-01,nan
9.687533351835564410e-02,nan
6.458223897281847870e-02,nan
0.000000000000000000e+00,nan
3.229068059929424139e-02,nan
1.291618446408423215e-01,nan
1.969664589457912562e+00,nan
1.291048160576607762e-01,nan
-2.484877430567636658e+00,nan
-3.261513670731708281e-02,nan
3.261536058145277778e-02,nan
-3.261513670731708281e-02,nan
0.000000000000000000e+00,nan
9.364806503615983324e-01,nan
-6.489500673952254550e-02,nan
1.617554349419719206e-01,nan
8.394207869932724941e-01,nan
6.455942459492047814e-02,nan
8.715403904507684762e-01,nan
-9.682006228771805612e-02,nan
-4.841101758717906711e-01,nan
2.262638748999806493e-01,nan
-4.199076810576228280e-01,nan
3.260140203577408663e-02,nan
4.838531321948762454e-01,nan
2.582008626587863342e-01,nan
-3.227335409590602333e-02,nan
6.454714660507712698e-02,nan
-3.227313489225121929e-02,nan
5.809203737270421941e-01,nan
0.000000000000000000e+00,nan
1.290776355426228594e-01,nan
0.000000000000000000e+00,nan
-9.680559690975573672e-02,nan
-9.680756920676981958e-02,nan
-3.226984719479066288e-01,nan
-9.713883714502950795e-02,nan
-4.511723276281608963e-01,nan
-1.420456344606862764e+00,nan
3.228541488432839363e-02,nan
-1.065411452055382346e+00,nan
2.260470535353810151e-01,nan
-1.934224912478298142e-01,nan
-1.940762095169515644e-01,nan
9.688060073659277016e-01,nan
1.291478021617930017e-01,nan
1.226870774182288848e+00,nan
-4.228383782071242436e+00,nan
4.522908327738621725e-01,nan
6.428379221087698880e-02,nan
4.525646958050158486e-01,nan
-6.427680047232181559e-02,nan
6.133833934939495469e-01,nan
5.816539775017751657e-01,nan
9.361513001468185768e-01,nan
1.614292681415672448e-01,nan
-1.291390271628351516e-01,nan
-9.685690276449106240e-02,nan
-7.425847248378706356e-01,nan
1.614566946722035545e-01,nan
-1.291609668964376345e-01,nan
-2.583289558912739148e-01,nan
1.937572509250841679e-01,nan
5.166649341672784335e-01,nan
-4.197446178525700566e-01,nan
-5.492682097041945433e-01,nan
-6.426632008363590554e-02,nan
3.875408400893210481e-01,nan
2.906319259740612893e-01,nan
-3.229046116021058177e-01,nan
1.937559341116132094e-01,nan
6.458267786888143014e-02,nan
3.229090004136043746e-01,nan
-7.103515266086565250e-01,nan
-1.808114945079418279e+00,nan
-1.001803692348649077e+00,nan
2.585011166371246616e-01,nan
-1.324746152251085274e+00,nan
2.262392481910461273e-01,nan
-2.908651842670266774e-01,nan
-5.817659810458707392e-01,nan
-2.262700296693336000e-01,nan
-1.357684830995538938e+00,nan
-1.455078083802383793e+00,nan
1.002694180213328679e+00,nan
-2.587051955401008518e-01,nan
1.937160622669024390e-01,nan
1.293867058794697877e+00,nan
-6.789255548949264529e-01,nan
7.760258018290149273e-01,nan
-1.293165136978710050e-01,nan
2.586400664177910813e-01,nan
-3.552874520547673054e-01,nan
3.553140198030690367e-01,nan
-4.202672317298383753e-01,nan
0.000000000000000000e+00,nan
1.939866493006333625e-01,nan
-2.586383066263586161e-01,nan
-2.812844693711568755e+00,nan
-2.591291007984855010e-01,nan
-6.790782105707077188e-01,nan
1.423711869473241576e+00,nan
-1.940843742424701313e-01,nan
8.734153599066082352e-01,nan
8.409120697620214857e-01,nan
-4.203816376355355433e-01,nan
4.948006264916547714e+00,nan
3.230626840131460842e-01,nan
2.067460609645381364e+00,nan
3.229002229099064980e-02,nan
5.489266486352565311e-01,nan
9.685821901433326608e-02,nan
-1.678841573986544988e+00,nan
1.291873044190847697e-01,nan
-5.167351685160094243e-01,nan
-9.722137643293059239e-02,nan
-1.611776062744588733e-01,nan
1.227446252989692121e+00,nan
-8.396147540094323070e-01,nan
-3.875829887185570644e-01,nan
6.137231264948460607e-01,nan
1.937822737822396668e-01,nan
4.198444707805362164e-01,nan
-8.396147540094323070e-01,nan
-5.490759006843165535e-01,nan
2.099650484118069649e+00,nan
1.032894640394142804e+00,nan
1.940089920628339515e-01,nan
1.000993878344895283e+00,nan
-2.098062106609237087e+00,nan
2.582973594545559526e-01,nan
1.000847861414914330e+00,nan
5.810150857882456776e-01,nan
3.227466938036956112e-02,nan
-1.194154655878820970e+00,nan
-8.393466468162805727e-01,nan
-3.228826693340047793e-02,nan
1.291539453713823615e-01,nan
7.749026093648960778e-01,nan
-9.684703203159550355e-02,nan
-5.484882040742911080e-01,nan
2.579709643760162430e-01,nan
5.165596184370169208e-01,nan
2.033732403676445699e+00,nan
-9.357620172863829744e-01,nan
6.454802344947424553e-02,nan
9.682071990768907899e-01,nan
-1.581082921534567198e+00,nan
1.936664327671876462e-01,nan
8.069105814948321909e-01,nan
2.581675441557265693e-01,nan
1.258498399688741332e+00,nan
1.129122582147312759e+00,nan
-2.257708662069171091e+00,nan
-4.840246974771157951e-01,nan
-1.097234418702072611e+00,nan
3.227905443629645876e-02,nan
4.196248570183415683e-01,nan
-1.000555527934862576e+00,nan
-1.936966960248725222e-01,nan
-4.842614808587594744e-01,nan
0.000000000000000000e+00,nan
1.355747477806789947e+00,nan
5.167736541558004548e-01,nan
-5.483466327732933188e-01,nan
5.806883154225069843e-01,nan
7.745868038130711009e-01,nan
-5.482535336084874977e-01,nan
-3.553247776303212202e-01,nan
4.615371769985514128e+00,nan
-5.159041170652496344e-01,nan
-7.739402064824908445e-01,nan
6.453777668138781509e-01,nan
-2.905579205167136414e-01,nan
4.515049554258630526e-01,nan
1.934837385042001423e-01,nan
3.869517203628121127e-01,nan
6.480913532878868066e-02,nan
6.416339315352305450e-02,nan
0.000000000000000000e+00,nan
-8.060618935655948780e-01,nan
-1.612397315886574811e-01,nan
5.804827317995836511e-01,nan
5.804118249668066554e-01,nan
2.256881415651329492e-01,nan
3.223963177697663357e-02,nan
-2.901547172805414854e-01,nan
-9.350000736590758921e-01,nan
3.224772745908370541e-02,nan
-3.547225946382054351e-01,nan
6.449983235923557878e-02,nan
-1.031660814383816849e+00,nan
-1.806685553068271499e+00,nan
-9.680625433316429607e-02,nan
1.064890493227372392e+00,nan
-3.226217850479459054e-02,nan
-1.000134324349558401e+00,nan
-7.099221741837122845e-01,nan
-4.518361641470535761e-01,nan
-1.032866592438556275e+00,nan
1.420500343853829284e+00,nan
4.841167523834446484e-01,nan
0.000000000000000000e+00,nan
2.258981353534255943e-01,nan
3.230189766672877383e-01,nan
0.000000000000000000e+00,nan
6.421219455750781790e-02,nan
-7.098739647706969746e-01,nan
7.099800341234704382e-01,nan
5.162719743788887206e-01,nan
-6.130063646919675646e-01,nan
-1.258438574971089574e+00,nan
2.259334281009063583e-01,nan
1.323261444596619762e+00,nan
-6.453136747935905859e-02,nan
2.903950975253858369e-01,nan
-2.548867858336195003e+00,nan
8.070366681257250541e-01,nan
6.777956802136786418e-01,nan
6.454276274040868788e-01,nan
-1.548815923135932637e+00,nan
-1.065158144529929407e+00,nan
3.551323246985307325e-01,nan
2.066070016659846242e+00,nan
-1.452396775562183828e+00,nan
5.490518336782955755e-01,nan
-3.550189517473212319e-01,nan
-7.100909587074732965e-01,nan
1.614084302092569367e-01,nan
3.783317368515266566e+01,nan
-3.205761958959986169e-01,nan
3.519850255170983711e-01,nan
-5.761366304843668074e-01,nan
-6.402650286640536592e-01,nan
6.723848972478996266e-01,nan
-2.879411609899789060e-01,nan
5.442065407508889230e-01,nan
2.241912614681253191e-01,nan
-9.607743602390317328e-02,nan
7.045821109170368191e-01,nan
-3.202171128129438493e-01,nan
4.483341719868045305e-01,nan
-1.921250886260861268e-01,nan
-1.601107144363997647e-01,nan
-1.601161097657400056e-01,nan
6.401657788247335779e-01,nan
-6.400795427587128161e-01,nan
-2.241701076421949435e-01,nan
-4.483613681122763372e-01,nan
-7.686920224368606336e-01,nan
-1.025088531615967025e+00,nan
-1.537964592737217417e+00,nan
1.282052128565197568e+00,nan
-1.057087273633708246e+00,nan
1.919782285023514945e-01,nan
2.563879429766037221e-01,nan
-9.293561465940940458e-01,nan
-3.846363948053629356e-01,nan
2.019504550135610366e+00,nan
3.236242944107655534e-02,nan
-1.925711645998344768e-01,nan
3.204308975361418177e-02,nan
8.972004626491703050e-01,nan
1.601841220834619162e-01,nan
-4.802158090655421208e-01,nan
-1.925542844663332420e-01,nan
6.408056170176867905e-02,nan
-4.805977313380820903e-01,nan
1.925789694154909359e-01,nan
9.929751066445319241e-01,nan
-2.242456753546494819e-01,nan
4.488328838844908852e-01,nan
6.723848972478996266e-01,nan
4.804357524866550433e-01,nan
-2.177755216543989736e+00,nan
3.524454659306375803e-01,nan
-4.485336868896640516e-01,nan
6.728640465961127637e-01,nan
-7.685582358602559561e-01,nan
-2.852039827119897453e+00,nan
-1.282441405140521962e-01,nan
-5.129904075781808181e-01,nan
-8.016340580275989058e-01,nan
0.000000000000000000e+00,nan
-6.093446861381138779e-01,nan
2.277316924284005228e+00,nan
7.373689804021931193e-01,nan
3.526000118202008982e-01,nan
-3.846260164075807064e-01,nan
-3.237851587741751302e+00,nan
1.286272488287949489e-01,nan
2.886817711547723930e-01,nan
6.414760741417054046e-02,nan
-1.924402242442768696e-01,nan
-6.414933948314305301e-02,nan
-4.811265416460233091e-01,nan
-9.623505272986446202e-02,nan
-4.494267986254756320e-01,nan
3.240285544035514248e-02,nan
3.208181631097677122e-02,nan
-6.448401539988975195e-02,nan
5.136333817841843841e-01,nan
1.603928373779273664e-01,nan
5.453172395041622211e-01,nan
-2.245166259495968986e-01,nan
6.415063859625683151e-02,nan
-8.660219289532470333e-01,nan
-1.283229331716501942e-01,nan
3.208159970147761442e-02,nan
1.283255323803431935e-01,nan
-9.624155009429546936e-02,nan
1.924869989482544952e-01,nan
0.000000000000000000e+00,nan
5.132778708924590205e-01,nan
6.415280390171194946e-02,nan
-1.603798444049734373e-01,nan
0.000000000000000000e+00,nan
1.603852578878737500e-01,nan
3.207596888099468330e-02,nan
6.415150470162778173e-02,nan
6.415063859625683151e-02,nan
4.811232938625098488e-01,nan
7.055760541608672165e-01,nan
-5.772037880606213367e-01,nan
8.979816427305811199e-01,nan
-3.206471316772825930e-01,nan
3.206687711443845928e-02,nan
3.847999284802184339e-01,nan
2.244484482846550444e-01,nan
4.809382426958184742e-01,nan
1.570905924347133276e+00,nan
8.332664349016118965e-01,nan
9.612926925938539147e-02,nan
3.845092980122312154e-01,nan
-1.922390925349414526e-01,nan
2.307282856922753922e+00,nan
0.000000000000000000e+00,nan
-1.924738199138405770e-01,nan
-1.281075652845377610e-01,nan
4.483885675374035262e-01,nan
-6.404946553508947260e-02,nan
8.326542758303421277e-01,nan
-4.162541945371031060e-01,nan
0.000000000000000000e+00,nan
-1.921341521679605924e+00,nan
-2.242471872285689560e-01,nan
1.249436152251731436e+00,nan
4.480773507210685791e-01,nan
5.767771381327096991e-01,nan
8.645803780333995991e-01,nan
0.000000000000000000e+00,nan
-1.920940201141733417e-01,nan
6.403392876645662424e-02,nan
1.312677849591322277e+00,nan
2.240538329233419390e-01,nan
6.401236242150841471e-02,nan
3.200575003493296572e-02,nan
1.280221378062429138e-01,nan
3.520513936082418360e-01,nan
7.680552251176997469e-01,nan
6.399425791496494986e-02,nan
-3.199669802552253250e-02,nan
-5.439475293316041737e-01,nan
-6.432115943039164174e-02,nan
-6.717012003780873375e-01,nan
-2.560442756110303808e-01,nan
1.120254072041193094e+00,nan
-6.399942958677019844e-02,nan
6.080027703193893185e-01,nan
3.839526197928811446e-01,nan
5.438889288981362258e-01,nan
-8.953946333420644832e-01,nan
-6.431162642415799713e-02,nan
1.599813355258493941e-01,nan
2.303973621465478683e+00,nan
-9.277306137035701283e-01,nan
1.711247174626970846e+01,nan
-6.374229342848334312e-01,nan
3.219417702560677108e-02,nan
-4.465716476607159424e-01,nan
6.407518776324200305e-02,nan
2.865811792177543893e-01,nan
3.506343551608198661e-01,nan
-4.781024762731777566e-01,nan
-6.056574110836289160e-01,nan
3.188076951588241781e-01,nan
3.187863061338423731e-02,nan
-2.103975504770852378e+00,nan
-4.464955405680097189e-01,nan
-6.698062511597211444e-01,nan
4.785004884318455054e-01,nan
-3.827618452566125540e-01,nan
-1.594969504275166317e-01,nan
1.917217699738627823e-01,nan
1.591768772165739476e-01,nan
8.931469458813261486e-01,nan
1.591416313582932618e-01,nan
-1.339104869743700910e+00,nan
9.566819765374247053e-01,nan
6.062975470399799560e-01,nan
3.507849621952042196e-01,nan
1.594359397299464354e-01,nan
1.275444721122059311e-01,nan
1.530173730364587259e+00,nan
-3.824999673127308375e-01,nan
1.278290292674940376e-01,nan
1.593835292326788666e+00,nan
-3.186601692823566312e-01,nan
-6.058136101711915078e-01,nan
6.406315770846815472e-02,nan
-3.824614566434612062e-01,nan
-6.374870733862226801e-01,nan
-2.865888892144040634e-01,nan
1.274903333414052264e+00,nan
1.402368080924093041e+00,nan
-2.864447559139883803e-01,nan
6.341039264058256908e-02,nan
-1.274563747368977706e+00,nan
7.011981506855600177e-01,nan
2.230755828312365463e-01,nan
3.186644434733079678e-02,nan
-7.966557659094745114e-01,nan
3.187157427096051071e-02,nan
-1.115497617191575364e+00,nan
-1.848654192018320153e+00,nan
1.020201156212461102e+00,nan
1.785845597363733050e+00,nan
-3.509154243624831859e-01,nan
-8.290630619268655188e-01,nan
6.060453366159536115e-01,nan
2.008205523583607821e+00,nan
1.338556717437095145e+00,nan
8.597350921195774376e-01,nan
-9.872903458954965794e-01,nan
2.548375559886378872e-01,nan
4.140888199690285210e-01,nan
5.414535781296547778e-01,nan
1.171954198516188050e+01,nan
-5.400598519306849532e-01,nan
9.563323161052215970e-02,nan
1.585382795010428503e-01,nan
3.177013827265765533e-01,nan
9.848084398438107234e-01,nan
-3.493757446561384650e-01,nan
1.588188343612298714e-01,nan
-2.858643469864392550e-01,nan
6.038453548111455405e-01,nan
-6.383876581470404599e-02,nan
-5.081761076106144914e-01,nan
3.176440389727884506e-02,nan
-6.667303806932806109e-01,nan
-3.500905148442879367e-01,nan
4.451115714431273518e-01,nan
2.541441135078937319e-01,nan
-2.223642058798563359e-01,nan
-7.624272430974753378e-01,nan
6.669131711392138895e-01,nan
-2.220614033358190853e-01,nan
-3.176992585139372383e-02,nan
-3.494715209984396442e-01,nan
4.130421762121561646e-01,nan
-1.969722232850806831e+00,nan
5.717741685137137653e-01,nan
-6.670425670848040278e-01,nan
4.131858449773235797e-01,nan
1.271230518212882743e-01,nan
3.177991271903252146e-02,nan
-1.430086507521554084e+00,nan
3.493640533318011498e-01,nan
2.864002451952462613e-01,nan
1.271400592727628398e-01,nan
0.000000000000000000e+00,nan
-1.589208217728401429e-01,nan
-1.271409097655537279e-01,nan
-6.357215592344631072e-02,nan
3.814380388693225377e-01,nan
-6.388574300892513325e-02,nan
-5.082322216872826592e-01,nan
3.178777913938473088e-01,nan
-3.337493533060082562e+00,nan
8.270078583570277253e-01,nan
2.226172155051641677e-01,nan
1.144834899922426930e+00,nan
-4.133130199155575779e-01,nan
-1.271842999541794583e-01,nan
-1.589846304475573957e-01,nan
-9.539397009006519990e-02,nan
1.081153366569877372e+00,nan
-2.320771816485938555e+00,nan
-3.816831593055787786e-01,nan
2.544758810082555223e-01,nan
1.813043552595555941e+00,nan
-2.543651956397322000e-01,nan
-3.211532517366395140e-02,nan
9.860425394353420359e-01,nan
-3.814916320583809917e-01,nan
1.592855450108779103e-01,nan
-5.407896797837336011e-01,nan
2.543685999069130177e-01,nan
8.902424418377095083e-01,nan
9.536525138356542752e-02,nan
5.403922453690345185e-01,nan
-9.217407662831954562e-01,nan
1.939210206077442544e+00,nan
6.991019702408480807e-01,nan
-5.083630007762431902e-01,nan
-3.495369594139595693e-01,nan
2.542273993224353767e-01,nan
6.355344947758375662e-01,nan
1.239126528635746016e+00,nan
1.905851493165733046e-01,nan
-3.208054672065326074e-02,nan
6.355802712416518396e-01,nan
8.257309804226066197e-01,nan
-2.854627580546202914e-01,nan
-3.816983877554106508e-01,nan
-1.584715450521405056e-01,nan
-1.270355354502427925e-01,nan
-2.223181308154737745e-01,nan
-2.540897522208055981e-01,nan
-8.261534853533730738e-01,nan
5.086127421163192386e-01,nan
2.855677181220937499e-01,nan
-2.537874246492605734e-01,nan
6.988262290869686755e-01,nan
1.079845356575484416e+00,nan
-4.127882376106170592e-01,nan
9.209153028858465539e-01,nan
1.301731412005025845e+00,nan
1.269634039021275418e-01,nan
1.015680091955837527e+00,nan
-4.125318559616650838e-01,nan
-8.568713252236412892e-01,nan
4.094679186843602992e+00,nan
-9.828283013361587273e-01,nan
-7.930232609302778624e-01,nan
-9.838302511496054281e-01,nan
-6.346559167321566552e-02,nan
-2.538657575148708379e-01,nan
-1.904094912815783580e-01,nan
6.664599264900523679e-01,nan
9.519520876286710065e-01,nan
-1.998698955492691720e+00,nan
-1.237810501421877207e+00,nan
-1.333374044952457371e+00,nan
-1.111139372444550633e+00,nan
1.619295077268180005e+00,nan
-3.111746871495602723e-02,nan
-1.079910246679982366e+00,nan
-1.937356660772888706e+00,nan
0.000000000000000000e+00,nan
-1.048505700218330672e+00,nan
-2.033914414020248973e+00,nan
9.852812454877426518e-01,nan
2.546133145410172660e-01,nan
5.400310142261992574e-01,nan
7.945403840633921133e-01,nan
-7.305371794884790715e-01,nan
2.126161483240106165e+01,nan
4.113149559358091900e-01,nan
9.459425141365637724e-02,nan
7.909060892167637524e-01,nan
-1.106767939394621481e+00,nan
-1.803385833782736425e+00,nan
-3.481539639908052819e-01,nan
-6.966754779017110266e-01,nan
2.219178215449733038e-01,nan
-2.219074575638604052e-01,nan
1.456553347973951640e+00,nan
4.430666784508196510e-01,nan
-7.911167285237937774e-01,nan
-1.804046507076091155e+00,nan
1.171492517304996817e+00,nan
-8.859998165921443292e-01,nan
-3.805539106860603149e-01,nan
1.741759350129191475e+00,nan
-6.330198569430800504e-02,nan
6.330282903486693369e-02,nan
-1.585714741641623682e-01,nan
1.902288154057448499e-01,nan
-1.266031280649098367e-01,nan
0.000000000000000000e+00,nan
-3.165162535685847600e-01,nan
9.179582832411639082e-01,nan
1.582380994467213198e-01,nan
8.544572816619535605e-01,nan
4.746131419491796954e-01,nan
6.643920356223717016e-01,nan
4.112328068580098916e-01,nan
4.428277744297139384e-01,nan
-1.043711055721043168e+00,nan
-1.265382258608047095e-01,nan
-3.163539894130512620e-01,nan
-1.202225202461512543e+00,nan
-2.848096094017670832e-01,nan
0.000000000000000000e+00,nan
9.462575321909713622e-02,nan
1.585503621385092599e-01,nan
-2.278492049988523060e+00,nan
-4.432526709796042463e-01,nan
-3.166385884791177857e-02,nan
-2.849766286713180663e-01,nan
-1.899641481842382129e+00,nan
-1.425855311491400101e+00,nan
9.189561438332376486e-01,nan
3.801841869242737482e-01,nan
-9.503844249022581903e-02,nan
-6.652824040504387026e-01,nan
8.554828697038243668e-01,nan
2.407909176162470466e+00,nan
1.297858243880558593e+00,nan
-5.061499488137845004e-01,nan
1.044381845095657235e+00,nan
1.297673418713934490e+00,nan
1.075825608199118655e+00,nan
-2.942033338444776547e+00,nan
-6.299218938285978953e-02,nan
7.593983203476369903e-01,nan
4.051165171680324306e+00,nan
3.475342039403272465e-01,nan
1.233513901263712187e+00,nan
-6.290837190224285447e-02,nan
-3.799842419821651274e-01,nan
-3.158357880144078700e-01,nan
-2.529383647060843843e-01,nan
-2.244947491040090171e+00,nan
-1.391892684054502727e+00,nan
1.139154983030995938e+00,nan
3.160397395778311025e-01,nan
1.268503572119684120e-01,nan
6.326532211675797712e-02,nan
-2.211093568127997511e-01,nan
-3.166534563986584394e-01,nan
2.214507413732924590e-01,nan
5.377838795048870413e-01,nan
2.214153611456732007e-01,nan
8.856201761688655694e-01,nan
-9.170785388539903771e-01,nan
-3.068061747423804331e+00,nan
-6.329987744121585991e-02,nan
9.495108108840143168e-02,nan
-2.848475511335197830e-01,nan
-2.658736529972945295e+00,nan
9.500803768790400117e-01,nan
5.066082376736947834e-01,nan
-3.165963933414276399e-01,nan
1.139822962203789869e+00,nan
-1.107895447685503187e+00,nan
8.231999873725486250e-01,nan
-1.582802681607644035e-01,nan
1.266284326642765634e-01,nan
9.496879359994697678e-02,nan
1.298197461688306076e+00,nan
-3.196345528623759785e-02,nan
-6.329439664032911195e-02,nan
-9.494285966875236349e-02,nan
2.848342703782769658e-01,nan
-3.164635521556985465e-01,nan
-8.861569657198818950e-01,nan
3.168602089059843196e-01,nan
-1.013188707621842211e+00,nan
7.914751626051845790e-01,nan
1.424734563057222125e+00,nan
-3.484031434275431383e-01,nan
-3.481122258627037946e-01,nan
5.696799239576558760e-01,nan
6.329018128544604271e-02,nan
6.328933828191788402e-01,nan
1.582022737020438996e-01,nan
-2.847546118410385629e-01,nan
-2.278173422213003452e+00,nan
1.361228443804850308e+00,nan
-2.215318637241730781e-01,nan
-8.548363747826875914e-01,nan
3.197112530653052620e-02,nan
7.593882529118074487e-01,nan
-2.845272823945472762e-01,nan
-3.513283608582312478e+00,nan
5.384686028669209978e-01,nan
2.099789594062703202e+01,nan
1.103609201262331085e+00,nan
8.511579780340218226e-01,nan
-9.455617065264766419e-01,nan
-2.521999761251637051e-01,nan
-1.891600221690127037e-01,nan
-2.238482709597455766e+00,nan
9.150562045154062574e-01,nan
3.090597783302635390e-02,nan
7.575068969238828442e-01,nan
2.490671615282884055e+00,nan
1.008478741451096727e+00,nan
6.333162937894400157e-02,nan
9.420848157224280539e-02,nan
-7.876807170312232209e-01,nan
-8.820335477824582382e-01,nan
1.008270523143208974e+00,nan
-6.302323328434843164e-02,nan
2.517811565072834434e-01,nan
4.414602123008751211e-01,nan
-1.890446256240841671e-01,nan
1.165821574363095525e+00,nan
-1.102533679994770921e+00,nan
2.835744599067887561e-01,nan
1.887232941764099003e-01,nan
4.413870351412381154e-01,nan
4.410310151141600965e-01,nan
-1.260286659623008454e+00,nan
-6.270022075158662722e-02,nan
1.575403219452428560e+00,nan
-4.409666971767993715e-01,nan
1.795531043024287010e+00,nan
9.446593692798077591e-02,nan
1.070592667420607214e+00,nan
-7.240613108582465429e-01,nan
3.148572446388746976e-02,nan
-3.463406741112803888e-01,nan
-7.871952741167228540e-01,nan
4.723954264261633895e-01,nan
1.102146420993977083e+00,nan
-7.555822855060763121e-01,nan
9.477768292908968217e-02,nan
-3.466715864301070926e-01,nan
-6.297854336050299207e-01,nan
1.007475334346808804e+00,nan
-9.128014555125401053e-01,nan
9.762774105958365034e-01,nan
-7.871587596151436994e-01,nan
-2.204409715496873923e-01,nan
-8.188187391381581692e-01,nan
-1.574922821257555006e+00,nan
1.701480607623742758e+00,nan
5.984548033120866695e-01,nan
-9.133159845666338761e-01,nan
-9.134915698598315981e-01,nan
7.246326248832314354e-01,nan
1.669551001134201851e+00,nan
-3.460739761926787672e-01,nan
-8.191118991146589812e-01,nan
-9.449286368074270859e-02,nan
-1.140236563896334232e+01,nan
-7.262023653026076220e-01,nan
3.157884220584012969e-01,nan
-2.210687821061321223e+00,nan
-1.010610218777563407e+00,nan
9.479448678682790286e-01,nan
2.495756912104183822e+00,nan
3.157527478128005494e-02,nan
-5.055167899755347305e-01,nan
9.505105794255958029e-02,nan
-5.049289081463422812e-01,nan
-5.371953422774835563e-01,nan
-1.989837342458081970e+00,nan
-6.635569948264160578e-01,nan
-2.496586866848656605e+00,nan
-6.320633851535908398e-01,nan
9.455332411707502438e-02,nan
-1.992221031432016565e+00,nan
-3.479940221587502491e-01,nan
4.745720594793105818e-01,nan
1.455208974093068264e+00,nan
-3.162529218879006065e-01,nan
-5.060383556735960076e-01,nan
-1.265230635118132774e-01,nan
-1.455053975001190603e+00,nan
6.961085456762554635e-01,nan
3.195302936691784418e-02,nan
5.375032853837506952e-01,nan
-3.795944597712121449e-01,nan
7.592495745920423422e-01,nan
-4.111944818503810994e-01,nan
-1.803085687680675120e+00,nan
3.164509064272302274e-01,nan
1.930221978008278549e+00,nan
-7.274930866404573093e-01,nan
-2.119543505744314160e+00,nan
-9.494728640977295742e-02,nan
-1.170723435159565229e+00,nan
4.745463430728868448e-01,nan
9.496309957203108443e-02,nan
-1.266149356193443154e+00,nan
1.203162494467163057e+00,nan
-3.165415564813666705e-01,nan
1.614469491200538398e+00,nan
-1.139238437607787979e+00,nan
1.677614369479741185e+00,nan
1.423886834380953648e+00,nan
-1.265298018850384398e+00,nan
-1.262470957585609121e-01,nan
1.455202557270945052e+00,nan
-4.270323956327493065e+00,nan
1.076456426992084880e+00,nan
-1.962505354711885142e+00,nan
5.386453125254915264e-01,nan
3.796369930256541236e-01,nan
1.583013609471771277e+00,nan
-1.804034490513731548e+00,nan
0.000000000000000000e+00,nan
1.013175966403448758e+00,nan
2.659019930156014677e+00,nan
6.327458935323022893e-02,nan
-2.910592351189869476e+00,nan
-7.280940842669799684e-01,nan
-2.529723171259841696e-01,nan
-5.702470595828429412e-01,nan
-2.913327396318278861e+00,nan
4.436044165880720369e-01,nan
-9.536604624228801896e-02,nan
-1.264179939083047155e-01,nan
1.584227536487229637e-01,nan
4.435689211349340688e-01,nan
4.752080538784154151e-01,nan
1.235417385165739956e+00,nan
-8.867357749731947791e-01,nan
-1.013601471942302323e+00,nan
-1.235590368969901043e+00,nan
-3.169004495292719326e-01,nan
1.901529517379351997e-01,nan
3.802906846456251544e-01,nan
1.425975939889378985e+00,nan
7.602923329549280407e-01,nan
-6.971398786842286643e-01,nan
-6.304006956466934319e-02,nan
-3.801461664778241767e-01,nan
-9.504414555653584173e-01,nan
-3.802526428958570293e-01,nan
-6.024317724001574392e-01,nan
-1.330842594200669859e+00,nan
1.933892409520334255e+00,nan
3.169025630718128039e-02,nan
-2.221472151201558387e-01,nan
-1.742717048069355901e+00,nan
2.060705026537918982e+00,nan
2.186569352570062019e+00,nan
-8.552205408612304494e-01,nan
1.520348967040892063e+00,nan
-1.108147415895324839e+00,nan
-3.484557034617736249e-01,nan
-4.118414882217001916e-01,nan
4.118771875765632196e-01,nan
-1.172164235708636149e+00,nan
2.531865732015498582e-01,nan
-3.105251830679045186e-02,nan
2.848611877262764436e-01,nan
-2.537932513458953099e-01,nan
-1.774112755091645788e+00,nan
9.192442735906118934e-01,nan
-7.922986810829167892e-01,nan
6.022474190563679164e-01,nan
-9.511133990700785246e-01,nan
-3.169956080420881950e+00,nan
3.812830893630226314e-01,nan
1.078100861040589331e+00,nan
1.300467401189469019e+00,nan
9.507521584569152973e-01,nan
2.694156934889732735e+00,nan
-8.556228452200325130e-01,nan
2.376278080983843299e+00,nan
-1.013055178482542340e+00,nan
-3.040763875011294193e+00,nan
-2.630677265708012413e+00,nan
1.268498568455853626e-01,nan
4.315951158865493653e+01,nan
-1.568165750502041045e-01,nan
-2.517319083606258667e-01,nan
5.657196527662049501e-01,nan
5.024877989629599195e-01,nan
-9.395119762450776513e-02,nan
-2.199569857119026417e-01,nan
-6.316200118288113619e-02,nan
5.973759221722144686e-01,nan
-3.142034868465837238e-02,nan
-2.827850081115908520e-01,nan
3.142242653016973780e-02,nan
-9.426665619975559129e-02,nan
-3.142284213225063350e-02,nan
-2.513843995000245579e-01,nan
3.173895960236847169e-02,nan
2.196572729808894120e-01,nan
0.000000000000000000e+00,nan
4.399226991237926709e-01,nan
9.426042274566341639e-02,nan
6.912293877154220834e-01,nan
5.337399592519938007e-01,nan
9.454837165930980725e-02,nan
-2.512863530692340808e-01,nan
-1.570622768870238162e-01,nan
-1.884809624625105873e-01,nan
2.513179189932707169e-01,nan
6.282615677855055147e-02,nan
-6.279391342717056679e-01,nan
-6.314779795021450981e-02,nan
-6.283446486318058910e-02,nan
5.026823663405494136e-01,nan
3.172846773115681890e-02,nan
-6.314237058654577350e-02,nan
3.141453217889211141e-02,nan
-8.167724366463778862e-01,nan
-1.885183523075394663e-01,nan
-7.855243002371447014e-01,nan
6.288376085683736738e-01,nan
3.079356868408857431e-02,nan
-1.567948080756309814e-01,nan
-4.084969477199726917e-01,nan
-2.136936979338643017e+00,nan
-4.404699624773943389e-01,nan
3.147404058110198632e-01,nan
5.973697923869332183e-01,nan
0.000000000000000000e+00,nan
-6.287312634220958152e-02,nan
-2.200588540305600527e-01,nan
9.431530545099835183e-02,nan
2.200646779273995879e-01,nan
3.143635518717389360e-02,nan
-7.544675329445953427e-01,nan
-9.432341854186865326e-02,nan
-2.515341093115487370e-01,nan
1.194850271033197409e+00,nan
1.254277378831687995e-01,nan
4.718347493515862578e-01,nan
4.086104401107342743e-01,nan
6.285773919616559346e-02,nan
9.428536151035790680e-02,nan
-3.142783021486968142e-02,nan
2.828523427741126972e-01,nan
9.427850203414359087e-02,nan
3.142554381377204997e-01,nan
-3.142346555598566488e-02,nan
-2.513893869551562799e-01,nan
0.000000000000000000e+00,nan
1.351289446953217732e+00,nan
3.141640153516577633e-02,nan
-1.036734395992296554e+00,nan
-6.284609987554200250e-02,nan
-1.568030931244470128e-01,nan
1.068118842432619786e+00,nan
0.000000000000000000e+00,nan
9.425232048776279736e-01,nan
-3.172532152228547953e-02,nan
8.798338505585986402e-01,nan
1.475749326308353870e+00,nan
4.712517523112889073e-01,nan
-8.162112256618230255e-01,nan
-6.248228452407814798e-02,nan
2.508743810347082159e-01,nan
6.279377622669830850e-02,nan
1.130273035111498681e+00,nan
2.511120526994800040e-01,nan
-3.138734782300853926e-02,nan
2.197128861135329569e-01,nan
-5.021776618364790501e-01,nan
-3.452836343653022388e-01,nan
-3.767004294438691114e-01,nan
-9.418257406944370580e-02,nan
-4.081325773710295923e-01,nan
3.139751050765282603e-02,nan
-3.139730304014317075e-01,nan
-6.279875567725716479e-02,nan
-1.887127549156243922e-01,nan
-3.077301915117324621e-02,nan
-5.969376354482511804e-01,nan
-3.140518873347574597e-02,nan
-3.140539630521320125e-01,nan
-8.794092208597390492e-01,nan
-1.253390113992768340e-01,nan
-9.427375827392409091e-01,nan
6.912476710631986210e-01,nan
1.570788919585868637e+00,nan
5.024863408841253598e-01,nan
-7.536498116801852998e-01,nan
-3.929022827938576512e+01,nan
1.580279295012680663e-01,nan
-1.551408977612814155e+00,nan
6.652424857763067356e-01,nan
4.754234247632398436e-01,nan
-5.703876914501917472e-01,nan
1.266976502086125111e-01,nan
2.217149759780760454e-01,nan
-6.967859829374185576e-01,nan
-2.058987795245554864e+00,nan
0.000000000000000000e+00,nan
9.507140299370056558e-02,nan
-2.154908684893838355e+00,nan
3.487463312162886742e-01,nan
6.023358176287160193e-01,nan
3.803744032924298302e-01,nan
-7.923832414234942556e-01,nan
9.510184837151786086e-02,nan
9.509994496409709952e-02,nan
1.014379110751290947e+00,nan
-2.538575769406388183e-01,nan
-2.849315294566310830e-01,nan
7.607082089558774296e-01,nan
6.338220350535765657e-02,nan
-1.172555123899500451e+00,nan
1.680020570251181677e+00,nan
6.971205472698148720e-01,nan
1.298988622413539185e+00,nan
-4.434358637650508417e-01,nan
-1.267077859530575945e-01,nan
-2.280800968110873406e+00,nan
3.486230458699191015e-01,nan
-1.299317839996665835e+00,nan
-1.172875846806788358e+00,nan
-4.442175048318811603e-01,nan
-1.870581059839749427e+00,nan
3.806715211959930123e-01,nan
-1.427403848265270447e+00,nan
-4.124850249240071265e-01,nan
-9.519711598568209032e-01,nan
-5.712971545020717468e-01,nan
-4.126531151006269660e-01,nan
1.270129623218856141e+00,nan
1.903891878304386553e+00,nan
-3.172410934974527474e-02,nan
-1.744837663729772892e+00,nan
-3.808317000997969992e-01,nan
-1.237802233366961380e+00,nan
-1.587339447917815727e-01,nan
-2.539827963705665881e-01,nan
-2.317716904301226233e+00,nan
-1.588252047394614896e+00,nan
-7.943915555205252055e-01,nan
7.627434125113744523e-01,nan
2.510294102780222580e+00,nan
-3.175909613666048209e-02,nan
-1.524446803792764760e+00,nan
-1.334319042737786232e+00,nan
8.580174727139419089e-01,nan
5.401356883247132590e-01,nan
4.768538336873499595e-01,nan
5.682885644677961778e+01,nan
7.222944420352738204e-01,nan
-3.169954403229134632e-02,nan
-7.221894795687976432e-01,nan
3.456112502867172420e-01,nan
-2.511070762418363134e-01,nan
-5.650207812769778570e-01,nan
-6.592693067511736782e-01,nan
3.142953105962313920e-01,nan
2.194584329650444698e-01,nan
2.825514559079968513e-01,nan
1.130138620147578932e+00,nan
-2.510821969126934006e-01,nan
2.193946627842621455e-01,nan
1.192648391836304889e+00,nan
6.278659399531166807e-01,nan
-1.223565039467077398e+00,nan
4.393416093902509090e-01,nan
-3.137864218525195092e-02,nan
-3.137884940621919472e-01,nan
-1.600427010089485957e+00,nan
3.139149506283583912e-01,nan
3.766730556712387656e-01,nan
-5.960378606950850200e-01,nan
-6.309565037462190606e-02,nan
-3.139128767481565857e-02,nan
-5.650469111317589777e-01,nan
-5.651141132857518956e-01,nan
-3.139896285699467909e-02,nan
5.651850662366428857e-01,nan
-7.534904629430283496e-01,nan
2.072427412488665688e+00,nan
-2.510938066530848944e-01,nan
-1.569419226511477028e-01,nan
-3.138942130593656149e-02,nan
-1.726743473099370929e+00,nan
4.082135193502145487e-01,nan
-1.880760714547327905e-01,nan
4.081946093369807627e-01,nan
-1.035783338860894798e+00,nan
5.963569035833728993e-01,nan
-2.825981354810859214e-01,nan
2.198116230359184187e-01,nan
-8.478056115404400961e-01,nan
-6.312568102833036876e-02,nan
-5.021855968409347781e-01,nan
2.198668382137722310e-01,nan
3.140809498751460926e-02,nan
-1.821657468047358286e+00,nan
8.800723274910079441e-01,nan
-5.343540913822497629e-01,nan
-1.791120106569234594e+00,nan
-2.828340285642406027e+00,nan
5.031714346423261652e-01,nan
-8.486974403647989940e-01,nan
2.484275175474004005e+00,nan
-1.571703377279197289e+00,nan
-1.006222995209216764e+00,nan
-5.661203199900627370e-01,nan
7.234621604288986596e-01,nan
1.006402817035489061e+00,nan
-4.276306233173174043e+00,nan
1.699474609781943535e+00,nan
-1.132577988961414706e+00,nan
3.146800035885578828e-02,nan
-7.866947989692693044e-01,nan
7.553520669561814005e-01,nan
-2.517440028708463062e-01,nan
2.517573412731336502e-01,nan
-1.255573214319133102e-01,nan
1.255606392922070658e-01,nan
9.440400107656736484e-02,nan
-9.440212550038704076e-02,nan
-5.349560061012639256e-01,nan
-2.423308855905798698e+00,nan
1.039090875968343264e+00,nan
6.607802705618749384e-01,nan
-5.033066879942981187e-01,nan
2.518374013786126575e-01,nan
2.515092744238067168e-01,nan
-7.236410729831023181e-01,nan
1.070673405879623452e+00,nan
9.753805949975006273e-01,nan
-6.293516712284914494e-01,nan
7.553220487920543347e-01,nan
6.293349999915429094e-02,nan
-5.034613317637055552e-01,nan
5.035146825462673004e-01,nan
-7.240403277433158369e-01,nan
1.605342278878425066e+00,nan
1.856169481909958785e+00,nan
-8.805500106247859948e-01,nan
-6.293954134692644198e-01,nan
-5.030167878019934369e-01,nan
-1.573077061930949205e-01,nan
4.090135770870656495e-01,nan
9.437962439859690078e-02,nan
2.516739994404701974e-01,nan
6.291516746689636286e-02,nan
3.145716721187261644e-01,nan
-2.075721043936553656e+00,nan
1.258438587793328622e+00,nan
1.573024984674791238e-01,nan
1.884421547201823866e-01,nan
-3.457257347059335406e-01,nan
2.107853479456780921e+00,nan
-3.144654963723459429e-01,nan
-1.006356190390977456e+00,nan
-9.436587900381603056e-02,nan
8.181684197241921863e-01,nan
-4.720720392939006249e-01,nan
-2.201753905671101907e-01,nan
8.178322040060365117e-01,nan
9.749398229869720156e-01,nan
5.027770895635695902e-01,nan
-1.540240376129814237e+00,nan
1.258003521294003724e+00,nan
4.716264549598687683e-01,nan
8.488433653689608782e-01,nan
-5.343614729155065080e-01,nan
1.634701284898878892e+00,nan
-6.285150330934057006e-02,nan
-1.313613795010282104e+01,nan
-6.617790599152217901e-01,nan
-1.859543014753340051e+00,nan
-1.040490580333449877e+00,nan
4.727384829876630223e-01,nan
9.147951363795785440e-01,nan
1.166525502830606520e+00,nan
2.017278594821354520e+00,nan
1.260264077185676845e-01,nan
-5.040922607885529594e-01,nan
-1.985073872427396635e+00,nan
-9.768754016557887887e-01,nan
1.573285134046131239e-01,nan
2.017773842733692646e+00,nan
-1.701774014991000117e+00,nan
3.783074939937617898e-01,nan
4.098004912827845070e-01,nan
0.000000000000000000e+00,nan
9.456118869196158960e-02,nan
1.859666368342070442e+00,nan
-3.150743760401403248e-01,nan
-2.489567727035635336e+00,nan
5.362580242188093038e-01,nan
1.292421980534498305e+00,nan
-1.922348850697195743e+00,nan
3.783200443365917764e-01,nan
-6.623226102018676675e-01,nan
-1.573274903469358554e-01,nan
5.675327845911712910e-01,nan
4.413616713283310955e-01,nan
1.512784238941852433e+00,nan
3.182800138581620697e-02,nan
-1.701683725023829252e+00,nan
-6.938421673380256172e-01,nan
4.101865028889365994e-01,nan
-9.773008436563070944e-01,nan
-2.554117856416261656e+00,nan
1.230421839194968614e+00,nan
2.523288827624950326e+00,nan
2.490740438683976432e+00,nan
2.110711097165862693e+00,nan
-4.094202239799563658e-01,nan
-1.196869937075312640e+00,nan
1.197171491607203375e+00,nan
-1.606325441864706605e+00,nan
-8.510102466803970422e-01,nan
5.045210912760627053e-01,nan
-1.039814390484296247e+00,nan
9.770091410863170900e-01,nan
1.291907740641264235e+00,nan
-9.450413990306386069e-02,nan
-7.560481562815783985e-01,nan
9.452105928373483179e-01,nan
1.953046713814354352e+00,nan
-2.424561444279449418e+00,nan
2.457303130879122222e+00,nan
3.463636253232584283e-01,nan
-3.778236863534318313e-01,nan
-1.637366170162726675e+00,nan
2.236405231445413477e+00,nan
6.296769369651868120e-02,nan
2.443114139360998038e+01,nan
6.264475903184790750e-02,nan
3.445416322374119100e-01,nan
-3.131969554277939938e-02,nan
-9.709169615642809781e-01,nan
-6.265260614696924191e-02,nan
-4.699007420508723443e-01,nan
9.398944337484053946e-02,nan
2.506335579595240781e-01,nan
3.132754229588556594e-02,nan
2.506186860160816154e-01,nan
6.265136699809666088e-02,nan
7.518064911136604911e-01,nan
3.132031488037063244e-02,nan
3.445211927503504801e-01,nan
9.395351303088195216e-02,nan
-9.395165531200365405e-02,nan
-3.131783767696065535e-02,nan
-6.232290775034482477e-02,nan
3.069208577944169264e-02,nan
3.134957083378385745e-01,nan
6.294553471559340141e-02,nan
-9.426047244428426009e-02,nan
9.426234239592178044e-02,nan
1.875814717415175137e-01,nan
-3.757744241828543941e-01,nan
-6.889742646511997082e-01,nan
-3.132155362903928791e-02,nan
6.264352019342592781e-01,nan
1.565881563051550740e-01,nan
3.757991906670652416e-01,nan
0.000000000000000000e+00,nan
-8.454813103766469773e-01,nan
-3.131969554277939938e-02,nan
-2.505592158873725661e-01,nan
0.000000000000000000e+00,nan
-2.822071981975656785e-01,nan
9.428347614199099336e-02,nan
-8.457153968445916270e-01,nan
-3.759404219841880890e-01,nan
-3.446393210516268679e-01,nan
0.000000000000000000e+00,nan
-8.459942402759963453e-01,nan
-6.236401242502517123e-02,nan
-5.330782786936889561e-01,nan
-1.253705094342688342e-01,nan
1.347768537360372498e+00,nan
-2.193419648602681904e-01,nan
-3.164937306968881869e-02,nan
-3.757212977666770648e-01,nan
6.267739942205707848e-02,nan
-7.207805856299840386e-01,nan
0.000000000000000000e+00,nan
1.128349470687862954e+00,nan
1.253423985283914077e-01,nan
-9.400431914393052313e-02,nan
6.267078596428508896e-02,nan
-3.446847765873702896e-01,nan
0.000000000000000000e+00,nan
5.324199273004317501e-01,nan
3.164707936447810899e-02,nan
-1.598323531248637019e+00,nan
-2.190950961507187322e-01,nan
-1.222475359743037338e+00,nan
0.000000000000000000e+00,nan
5.330110067653320849e-01,nan
3.135007191756769562e-02,nan
2.507989206120711523e-01,nan
3.134821044629123449e-02,nan
-2.162698770421760397e+00,nan
-9.440045769173395496e-02,nan
7.213467321068852689e-01,nan
9.407442254503149692e-02,nan
-7.839380003481956072e-01,nan
-9.408808315660605048e-02,nan
4.077231005242734629e-01,nan
4.076881176156653130e-01,nan
3.449372729094858370e-01,nan
8.152470991101100628e-01,nan
1.257146178329587860e-01,nan
2.504821001806331049e-01,nan
-1.567389840801362844e-01,nan
1.379348560136217205e+00,nan
-2.510312629890656955e-01,nan
3.453821068879186496e-01,nan
-6.299161317881873945e-02,nan
0.000000000000000000e+00,nan
4.074138445310515610e-01,nan
7.520841501597687051e-01,nan
2.193231624254253498e-01,nan
-2.506434735690965532e-01,nan
9.399626085088519378e-02,nan
9.086125472652158974e-01,nan
0.000000000000000000e+00,nan
-2.506038158374593317e-01,nan
-3.132712921085832602e-02,nan
8.771654010569979176e-01,nan
4.701365199725136002e-01,nan
6.232372520495304408e-02,nan
-5.637247937217155780e-01,nan
6.264352019335470145e-02,nan
7.830336791037925126e-01,nan
-3.131618642570733330e-02,nan
-3.131639282259139623e-02,nan
-3.131659922219610231e-02,nan
7.516033349892278226e-01,nan
1.565592635975666391e-01,nan
-1.033257095029823880e+00,nan
-1.346658144225757914e+00,nan
1.159080855339918781e+00,nan
-1.472300069178300141e+00,nan
-9.367244559397715220e-02,nan
3.446211421943455866e-01,nan
2.349519200434378341e+00,nan
2.191800803370171913e-01,nan
-6.606409110432602816e+00,nan
5.330110067653320849e-01,nan
2.257205178066299389e+00,nan
-9.400555900313541102e-02,nan
5.953803194115095954e-01,nan
-6.582828060803750381e-01,nan
-5.324024060930316882e-01,nan
-3.133973320704513260e-02,nan
-1.566996995728545672e-01,nan
8.462062842913945504e-01,nan
-4.073601087632219286e-01,nan
-6.267615929227290938e-02,nan
1.410232185901641122e+00,nan
3.446211421943455866e-01,nan
6.265384534485976542e-02,nan
-4.072446248486600862e-01,nan
2.067413561220127427e+00,nan
-1.562646908831866188e-01,nan
-1.252663968887844093e-01,nan
-1.879045490869339641e-01,nan
-2.505493069438310405e-01,nan
3.128899456556930025e-01,nan
-3.128693432870831015e-01,nan
2.192422041633065588e-01,nan
3.131886979742510430e-02,nan
-2.192306435759411865e-01,nan
-5.014349359928043093e-01,nan
1.569303041433659507e-01,nan
0.000000000000000000e+00,nan
-7.830594878988109686e-01,nan
4.385855921431102700e-01,nan
-3.132465092951948193e-01,nan
1.879602968203489266e-01,nan
7.518114475130902585e-01,nan
1.096531451823379300e+00,nan
-3.162642804222826759e-02,nan
-3.757620421659250698e-01,nan
2.505278402530627946e-01,nan
1.875728305673391438e-01,nan
1.409402309739467674e+00,nan
-7.825951897354994635e-01,nan
-1.252358569941002253e-01,nan
-2.817881052429845323e-01,nan
1.409024087212557008e+00,nan
6.260472805852784761e-02,nan
-8.451526934158158921e-01,nan
-2.504601617007806702e-01,nan
5.322558993507278124e-01,nan
1.377449206801993453e+00,nan
6.259318223977958229e-02,nan
-1.470920405984251778e+00,nan
-2.191410903438751889e-01,nan
4.383023950570991700e-01,nan
-7.513062311713569752e-01,nan
-1.064518813052259816e+00,nan
4.071131066944002619e-01,nan
-9.707250061353664972e-01,nan
-2.192407590224971226e-01,nan
-6.264310725807857583e-02,nan
3.132196656703744447e-02,nan
-3.445393610634508996e-01,nan
1.030560633730839015e+01,nan
9.376872089566136437e-02,nan
3.125562349240672277e-02,nan
-8.438962831864311731e-01,nan
-1.187916858275424259e+00,nan
9.380636191708581484e-02,nan
5.944079117814640156e-01,nan
-2.191624551501073215e-01,nan
-3.751884125070196752e-01,nan
1.250726800177190956e-01,nan
3.126734697357400616e-01,nan
2.188570271049575799e-01,nan
-2.813746461885561212e-01,nan
-5.002512166757892009e-01,nan
-2.501519446260755397e-01,nan
-2.501651148502084809e-01,nan
3.158500866564955406e-02,nan
-3.158479871286033053e-02,nan
6.254457161530251330e-01,nan
2.185645083305108871e-01,nan
6.569140348337323410e-01,nan
-4.064113260907161740e-01,nan
-4.064460902137818077e-01,nan
0.000000000000000000e+00,nan
2.188743093844794096e-01,nan
-4.064621372007024558e-01,nan
-9.380697923477830658e-02,nan
4.374618496674945178e-01,nan
3.442467169686236894e-01,nan
2.188512669515925435e-01,nan
-1.566277641339109128e-01,nan
-1.560076461325500263e-01,nan
7.503620127030773412e-01,nan
4.689022095440178450e-01,nan
6.282669611660793296e-02,nan
3.063151647101677172e-02,nan
6.282546040374477336e-02,nan
9.376810408139955866e-02,nan
-1.218961297936350885e+00,nan
-3.126343816946506315e-01,nan
-1.563274765647687803e-01,nan
-2.813987158767083385e-01,nan
0.000000000000000000e+00,nan
2.814153819189355588e-01,nan
0.000000000000000000e+00,nan
-2.063590583092780317e+00,nan
1.564005440997652263e-01,nan
1.501083013334701510e+00,nan
-1.438070549912109142e+00,nan
-3.127866744466265003e-01,nan
3.440879925217583679e-01,nan
5.946035539663411251e-01,nan
1.560599940357189908e-01,nan
6.257831504075465068e-01,nan
1.873037214166580755e-01,nan
-1.438335820196304793e+00,nan
3.127763797220929343e-01,nan
-6.255115846117383083e-02,nan
7.818997739314507145e-01,nan
-3.752501418393132115e-01,nan
-6.567396134845069788e+00,nan
-3.757991906663532000e-01,nan
-4.384670672162548355e-01,nan
3.132196656703744447e-02,nan
-3.132176009667735073e-02,nan
8.456930973107231742e-01,nan
2.818475354033225799e-01,nan
-9.081215251092767948e-01,nan
-1.879231279900656915e-01,nan
3.445393610641630522e-01,nan
9.398978679624186983e-01,nan
-6.293972313362092286e-02,nan
-1.565685493771543368e-01,nan
-3.444621589606133294e-01,nan
-8.455593247990378369e-01,nan
-1.562997041123861952e-01,nan
1.190297421794066945e+00,nan
-6.294470086808406917e-02,nan
3.131618642577853606e-01,nan
3.757694712778769097e-01,nan
2.818048174425114016e+00,nan
3.442239589573805603e-01,nan
-3.441990237339490055e-01,nan
-5.319824820257541553e-01,nan
2.500597630479977074e-01,nan
7.517045589506897718e-01,nan
-1.283202656215121529e+00,nan
-7.824611616425367622e-01,nan
1.565180067918225115e-01,nan
6.886565453684461158e-01,nan
5.007685463615955124e-01,nan
-1.032726287804699217e+00,nan
9.390461759268278197e-01,nan
-2.190674804142991039e-01,nan
-5.010617241101570363e-01,nan
3.756011749020372048e-01,nan
-8.447228691130406197e-01,nan
-2.817287001408728120e-01,nan
-1.001761441044548784e+00,nan
4.383630493552866381e-01,nan
1.127115286178034026e+00,nan
1.252053319855902791e-01,nan
0.000000000000000000e+00,nan
-9.390152465701685769e-02,nan
-3.756135215756957746e-01,nan
1.126929648901833669e+00,nan
4.068503250597918508e-01,nan
4.068154917538966409e-01,nan
-2.096484962745278402e+00,nan
-8.139204460582263323e-01,nan
1.189779839793947414e+00,nan
2.097244573758348274e+00,nan
9.699387817776339293e-01,nan
5.005113953914108738e-01,nan
-2.189506721126385225e-01,nan
1.782966202738746286e+00,nan
9.067828972934789400e-01,nan
3.438865066915430257e-01,nan
3.438616203317584885e-01,nan
0.000000000000000000e+00,nan
1.250315409365880814e-01,nan
5.907584858738147204e+00,nan
-6.243649880340523817e-02,nan
9.050289423928328247e-01,nan
-4.678785911969109979e-01,nan
-8.428262845485985366e-01,nan
-1.186410399548522676e+00,nan
9.368737151373916772e-02,nan
-2.498280648121269931e-01,nan
1.561507505960073872e-01,nan
6.558116005968842588e-01,nan
1.124093310947470004e+00,nan
1.155044872885989449e+00,nan
6.241968459193081298e-01,nan
-5.304976294988542618e-01,nan
0.000000000000000000e+00,nan
2.187766835105190155e-01,nan
6.210350293484191014e-02,nan
-4.677986642166732656e-01,nan
-1.248730314410835263e+00,nan
-9.365597886085320900e-02,nan
-6.243854993674306797e-02,nan
1.560984260695326975e-01,nan
1.249058571408920626e+00,nan
4.057359182035347178e-01,nan
-6.868834671333713393e-01,nan
2.496984195488341496e-01,nan
3.433172853223658283e-01,nan
3.120840738892598221e-02,nan
2.808738217175467677e-01,nan
-4.368890085097107967e-01,nan
7.178122283521692903e-01,nan
1.248180532254425656e-01,nan
4.056480171039951177e-01,nan
7.800257487721484750e-01,nan
-2.246105432289393633e+00,nan
-2.496852984169757039e-01,nan
-2.184861171046089123e-01,nan
1.251670882119109429e-01,nan
4.678816032056167806e-01,nan
9.362952688778976296e-02,nan
2.493617262839112336e-01,nan
-1.557258718594184965e-01,nan
-8.114239215573383346e-01,nan
-1.373725620753987631e+00,nan
-1.248606555027069520e+00,nan
-6.246235293596179572e-01,nan
1.561764126880446912e-01,nan
3.435768151094523715e-01,nan
-5.621759567199429153e-01,nan
1.561784660197918506e-01,nan
2.183303192428138195e-01,nan
1.252452579975754376e-01,nan
-1.124366694318303050e+00,nan
-6.247960092296580559e-01,nan
2.187073615945754612e-01,nan
-4.061521198552139333e-01,nan
5.939701401300341299e-01,nan
5.932710754889183313e-01,nan
9.058827433444721633e-01,nan
-3.120015036412244758e-01,nan
-1.805323638846917689e+01,nan
3.135255422318362212e-02,nan
1.160036851928048840e+00,nan
0.000000000000000000e+00,nan
1.191098407604552101e+00,nan
-2.506947167196854065e-01,nan
0.000000000000000000e+00,nan
6.267698604000959683e-02,nan
0.000000000000000000e+00,nan
-5.640854336311686978e-01,nan
-7.211748272872227083e-01,nan
-7.520039278286662077e-01,nan
9.405455964421834125e-02,nan
-2.821580937818787826e-01,nan
1.881165665983747237e-01,nan
6.897334373916473860e-01,nan
3.166043928404885244e-02,nan
-1.257005104876565138e-01,nan
6.269518000997707785e-02,nan
-5.015548222575578752e-01,nan
-3.135048560794488903e-01,nan
5.329934217948344433e-01,nan
-3.166252811688410884e-02,nan
2.197582189324676916e-01,nan
-5.329125458731761578e-01,nan
-9.374042593358669628e-02,nan
-3.768502171257591682e-01,nan
2.825033086971334151e-01,nan
-3.135255422318362212e-02,nan
1.504932532788423538e+00,nan
-3.134283410413025994e-02,nan
7.835760213112337169e-01,nan
1.880272377797504446e-01,nan
3.164999925262892977e-02,nan
3.070969570938156257e-02,nan
2.510031355394544139e-01,nan
0.000000000000000000e+00,nan
2.506765312680637181e-01,nan
0.000000000000000000e+00,nan
2.816828914010428564e-01,nan
9.715760473188649327e-01,nan
1.096362782531401292e+00,nan
1.879045490869339641e-01,nan
-2.818456778313659927e-01,nan
3.131804409561130681e-02,nan
-9.364033465419067948e-02,nan
-2.508608235639736561e-01,nan
5.637619517728474916e-01,nan
-1.252655712903655849e-01,nan
-7.202960240594067365e-01,nan
-1.252878662681497779e-01,nan
-4.701551150608794249e-01,nan
2.195945035261012146e-01,nan
1.440924443490765983e+00,nan
1.565747405083782740e-01,nan
-7.828479059889397185e-01,nan
3.131907622968162219e-02,nan
-4.071453073672384737e-01,nan
1.249729989799451130e-01,nan
-3.069431525341180869e-02,nan
0.000000000000000000e+00,nan
-5.327690563455890205e-01,nan
-3.132444442369682058e-02,nan
7.204669713773098616e-01,nan
1.565995099303200133e-01,nan
6.263773959485020582e-01,nan
0.000000000000000000e+00,nan
1.189960185501724776e+00,nan
2.501421420335446233e-01,nan
1.659491479829536154e+00,nan
9.388297132193816619e-02,nan
-6.258741092796488159e-02,nan
-3.129411766765555214e-02,nan
-1.564716188687110543e-01,nan
3.160830788827059812e-02,nan
-5.010352900864477599e-01,nan
-6.259689293134601540e-02,nan
-6.256641873050463598e-01,nan
1.283109175588850182e+00,nan
0.000000000000000000e+00,nan
-2.816507689428937589e-01,nan
6.259276996794400638e-01,nan
1.063936936391959298e+00,nan
1.877115460407092762e-01,nan
6.256804358805870270e-02,nan
1.564180492803121936e-01,nan
6.569341812209802400e-01,nan
6.255651129509846864e-02,nan
-1.782837100095016947e+00,nan
-3.441854242255766860e-01,nan
-3.442103574792762521e-01,nan
3.129411766765555214e-02,nan
5.319964965935348733e-01,nan
3.129040822228026930e-02,nan
-1.251608086710651047e-01,nan
-1.877461584126340066e-01,nan
3.751942313921682315e-01,nan
3.160269004855242175e-02,nan
8.448187685543996350e-01,nan
-9.416490559995009668e-02,nan
-6.879492727723234280e-01,nan
-8.764097059252611288e-01,nan
0.000000000000000000e+00,nan
-4.068342742028206449e-01,nan
-3.126632627807597320e-01,nan
2.222277527442645617e+00,nan
7.195561887963486392e-01,nan
1.248084558188752857e-01,nan
3.159228806176808679e-02,nan
-9.383785548199201354e-02,nan
-1.251196116042565532e-01,nan
-1.783314223061839510e+00,nan
6.289786666474103671e-02,nan
-2.503364540487676981e-01,nan
3.326520890786503770e+01,nan
-1.243045800926389638e-01,nan
1.553847900935318160e-01,nan
1.678411615588795369e+00,nan
2.792740678531911991e-01,nan
-6.212628575407638798e-02,nan
-3.416990393242526070e-01,nan
-1.553289152866960676e-01,nan
6.213359726161542251e-02,nan
-2.795975315410713646e-01,nan
-1.242728821815916457e-01,nan
2.112694252582663079e+00,nan
1.086932875981877933e+00,nan
-1.552406135105350582e-01,nan
1.179867210602151717e+00,nan
-2.483314335834716780e-01,nan
-4.234272238318511228e+01,nan
-6.890878068833440340e-01,nan
-2.725424303897196143e+00,nan
-1.410511272163866625e+00,nan
-1.504992115985582801e+00,nan
-1.003645967643564507e+00,nan
-9.724874437562663898e-01,nan
2.008127009028544130e+00,nan
1.348640366987375661e+00,nan
6.239611173062462740e-02,nan
2.197944721383738864e-01,nan
2.414178534385503561e+00,nan
-1.002785480294304143e+00,nan
-9.371754672991677859e-02,nan
-2.726952301868186268e+00,nan
1.878600470346153684e-01,nan
-1.191719459232150946e+00,nan
-2.132771911195928904e+00,nan
1.945745524314822505e+00,nan
3.133877626395929483e-01,nan
-1.631140032281227281e+00,nan
1.380669373875071493e+00,nan
1.599856447875550369e+00,nan
1.254367025081974674e-01,nan
-7.212419993690112330e-01,nan
-2.540411781134256142e+00,nan
-2.008626474192664713e+00,nan
2.386193813387550211e+00,nan
-6.275479783384265708e-01,nan
-4.393416093909643938e-01,nan
-2.103071686730335177e+00,nan
2.009807902141031555e+00,nan
-1.380942961560454485e+00,nan
-2.480141117164158970e+00,nan
2.952595130115288402e+00,nan
1.255329300779324253e+00,nan
1.569139459872516129e+00,nan
1.694424884891466698e+00,nan
-1.257585940112240785e-01,nan
-8.464624161475589048e-01,nan
-8.782945748964890997e-01,nan
-9.412038765133010632e-01,nan
-2.039992887420015943e+00,nan
1.726937530251785313e+00,nan
3.138175078787801275e-02,nan
5.959355115944259262e-01,nan
-3.513978341596057042e+00,nan
-3.140083036080459911e-01,nan
-6.280581125089085281e-01,nan
-9.422117093440729452e-02,nan
5.970599925316439904e-01,nan
-1.664711925167889017e+00,nan
-5.340505778614146326e-01,nan
-1.508077013469300676e+00,nan
1.319986330316732959e+00,nan
-1.853751539781781199e+00,nan
-4.711623857513033142e-01,nan
6.283835969693895018e-01,nan
1.131506663801194357e+00,nan
-4.399256084345559148e-01,nan
-1.131342024411152059e+00,nan
-3.005025663755158405e+01,nan
-1.803437917013550162e+00,nan
1.012979590557078202e+00,nan
-1.424070393421130287e+00,nan
3.544627862880246560e+00,nan
2.941113022920397224e+00,nan
1.390633563753723267e+00,nan
2.496088827776292707e+00,nan
-2.494778274970343546e+00,nan
6.638332439439247334e-01,nan
1.737224696167156024e+00,nan
1.073723450638671029e+00,nan
-2.873139985829241017e+00,nan
-7.582096726455119784e-01,nan
3.444085170041430111e+00,nan
-1.578711284614740806e-01,nan
-9.788335182203996565e-01,nan
-7.895445172562974845e-01,nan
8.212627629493702841e-01,nan
-2.400199379308435521e+00,nan
-2.846937623067556933e-01,nan
1.137895301041121021e+00,nan
1.326858105169604007e+00,nan
2.179229774360195382e+00,nan
1.578428090763157321e-01,nan
8.207553424767830563e-01,nan
3.093082012385996560e+00,nan
1.261661163712342881e-01,nan
4.731103741339156010e-01,nan
-1.072276748968201243e+00,nan
-7.567566345886317380e-01,nan
1.293221989755642287e+00,nan
9.462333103585496286e-02,nan
-2.365536168365649949e+00,nan
-1.704034382269753012e+00,nan
-3.156751317222813991e-01,nan
-8.208098737298129555e-01,nan
-3.157506495787718026e-01,nan
3.157716331740254012e-02,nan
1.831463301197617133e+00,nan
-2.461737740167362354e+00,nan
-9.793314264572654526e-01,nan
-3.158765929989129639e-01,nan
-1.863479903100201618e+00,nan
3.157055096466017119e-01,nan
1.485202516253441463e+00,nan
1.484738430580182289e+00,nan
3.789637365568377936e-01,nan
-6.315558575929272611e-02,nan
-2.052583819116260422e+00,nan
-6.950209122316630683e-01,nan
6.319296263787992085e-02,nan
-1.485014872220347781e+00,nan
-1.770248640711186150e+00,nan
-2.560719018485928089e+00,nan
1.265390683202255451e+00,nan
-3.194260812090128798e+00,nan
3.164761988934426395e-01,nan
1.012339933863301900e+00,nan
2.217877875229982421e-01,nan
3.220644960787627298e+01,nan
3.770915868528419979e-01,nan
2.202668546311082332e-01,nan
9.426104605397513103e-02,nan
3.141972538466135112e-01,nan
3.141764789628433835e-02,nan
-1.256697606509694920e-01,nan
-3.141827111392887784e-02,nan
9.425543657662896480e-02,nan
0.000000000000000000e+00,nan
2.199249894292640284e-01,nan
3.141640153516577633e-02,nan
1.727890659987399324e+00,nan
1.256190943929292592e-01,nan
4.085653031229499188e-01,nan
-3.171525574963696831e-02,nan
-2.166700250885018164e+00,nan
-3.141577839168879782e-02,nan
1.256639444137377104e-01,nan
0.000000000000000000e+00,nan
1.758934543732936451e+00,nan
6.312109597092820101e-02,nan
-1.161915187179847209e+00,nan
-1.570539706682713144e-01,nan
6.250954645681025545e-02,nan
1.259597908152527979e-01,nan
3.141058649055777918e-02,nan
8.480802289562913154e-01,nan
6.280954719646462958e-02,nan
6.280871694792763971e-02,nan
2.826354902467424490e-01,nan
-6.280415097400328384e-02,nan
-5.338423393594989852e-01,nan
-3.172007922717951650e-02,nan
-4.076528484677282571e-01,nan
-3.172301260201874917e-02,nan
-6.281826613156463734e-01,nan
-9.455399105545696237e-02,nan
-1.727450976143080963e+00,nan
1.260155972621695986e-01,nan
8.795718269983461290e-01,nan
2.199308062433782962e-01,nan
-1.131020367538679183e+00,nan
-2.199729873436925554e-01,nan
-5.339305831874929797e-01,nan
-2.831815886675536076e-01,nan
8.486524525383933870e-01,nan
2.202959760831288971e-01,nan
1.253837652633953692e-01,nan
0.000000000000000000e+00,nan
9.427102010889810979e-02,nan
2.199613495618963355e-01,nan
1.413971791155883340e+00,nan
3.141224771220142015e-02,nan
8.484392017480728576e-01,nan
-1.036726324585973469e+00,nan
1.413597872924717169e+00,nan
1.570197168033491408e-01,nan
3.768348675060591568e-01,nan
3.140041534070490276e-02,nan
3.140020783480466926e-02,nan
0.000000000000000000e+00,nan
-5.966000063020066024e-01,nan
-6.280788672133964801e-02,nan
-4.396610186354935057e-01,nan
0.000000000000000000e+00,nan
5.342375704093125233e-01,nan
-6.312150480250104667e-02,nan
1.255851995130148557e+00,nan
6.596268698248745066e-01,nan
2.511319605026867130e-01,nan
8.789154089918292945e-01,nan
0.000000000000000000e+00,nan
-8.787528629620687814e-01,nan
9.416950810619094392e-02,nan
0.000000000000000000e+00,nan
3.766705673445051028e-01,nan
-6.905079682947345976e-01,nan
1.035912493269630419e+00,nan
3.138444540707763936e-02,nan
3.766108573463261000e-01,nan
-3.138175078716447935e-02,nan
-3.138195804919158977e-02,nan
-4.079681490814340283e-01,nan
1.255394400202420879e-01,nan
-6.276806164009679501e-02,nan
2.507617188026288191e-01,nan
0.000000000000000000e+00,nan
-9.383453970036961800e-02,nan
0.000000000000000000e+00,nan
-7.215045719921497902e-01,nan
-6.309023197072256839e-02,nan
2.039944586276390748e+00,nan
3.771289654691066251e-01,nan
