1.553009244932377630e-01,nan
-1.584015185702819961e+00,nan
9.320992059636372395e-02,nan
-1.149565393324887719e+00,nan
-1.243088503004525225e-01,nan
4.661709667362444742e-01,nan
3.107487016260977730e-02,nan
-1.308274144189964794e+01,nan
6.264076810921712091e-02,nan
8.414315313250531059e-01,nan
6.231669932477407192e-02,nan
6.854742733538130572e-01,nan
-1.059209231216035940e+00,nan
2.492839245646419899e-01,nan
2.181114447434334136e-01,nan
-6.546144384845496988e-01,nan
-3.113061562056275156e-01,nan
2.807868888876269287e-01,nan
-8.105232881160324698e-01,nan
-5.298484801432173930e-01,nan
5.919410790017444191e-01,nan
0.000000000000000000e+00,nan
-2.178582484722726420e-01,nan
5.298666879954774256e-01,nan
6.232997487112994506e-01,nan
9.348211403288475552e-01,nan
7.165485031862208753e-01,nan
7.787340264896683850e-01,nan
-4.360161842760610362e-01,nan
-7.475281862073043238e-01,nan
2.803692842272472729e-01,nan
-2.492017351482208043e-01,nan
-5.607347166467672173e-01,nan
9.346734288325390938e-02,nan
-9.346541655562497219e-02,nan
9.346734288325390938e-02,nan
9.346541655491659439e-02,nan
3.115449676889595412e-02,nan
6.230856549439237613e-01,nan
-8.099000761969952222e-01,nan
-3.427112361365489135e-01,nan
2.177938713972689122e-01,nan
4.365015175713231055e-01,nan
4.049945469674207654e-01,nan
6.230128965629613824e-02,nan
-3.115021689352759360e-01,nan
-1.557617834210690277e-01,nan
-1.557671334490079995e-01,nan
-1.183870877219462825e+00,nan
-1.246505270919990305e-01,nan
-1.866692951349013530e-01,nan
3.054147570565712844e-02,nan
0.000000000000000000e+00,nan
1.872990131028391403e-01,nan
-7.167553063962109894e-01,nan
-1.558410013835242192e-01,nan
1.246770854839257314e+00,nan
-3.427677514533911673e-01,nan
-6.544242610254277226e-01,nan
-1.870053459329002465e-01,nan
4.363638009426775155e-01,nan
-3.116584412914463059e-02,nan
-1.561419521280774936e-01,nan
-9.318972288017267347e-02,nan
1.870066311576771001e-01,nan
1.059348882220662924e+00,nan
-6.200682418124545819e-02,nan
1.308704635224674950e+00,nan
4.984103172510773727e-01,nan
8.721222070509214719e-01,nan
-2.491298638537154386e-01,nan
2.117720178637994000e+00,nan
-2.801556702683343225e-01,nan
-6.226066182038954011e-01,nan
9.340381596745789272e-01,nan
5.294905823912176013e-01,nan
-5.294287686416924155e-01,nan
-7.782048536034348318e-01,nan
7.160713420145367047e-01,nan
3.112862147456000456e-02,nan
1.027237457648671581e+00,nan
2.178495092445684456e-01,nan
4.045582262619230596e-01,nan
1.369151858249853415e+00,nan
-3.732923532594800697e-01,nan
4.355435963673349731e-01,nan
-6.532526563402998310e-01,nan
4.355645121170609868e-01,nan
-5.599577348058929482e-01,nan
-5.289142787780001242e-01,nan
9.023707765156626648e-01,nan
-1.773272477738756070e+00,nan
3.112221275939738296e-01,nan
-8.402420819062564883e-01,nan
5.605764511651223359e-01,nan
2.797867534369615772e-01,nan
-6.224015421522584995e-02,nan
1.244820168580849790e-01,nan
-1.026948450410829050e+00,nan
5.602805744838779134e-01,nan
7.780713378030307270e-01,nan
-1.026566810361451143e+00,nan
7.466781986907365942e-01,nan
-3.731220432661636610e-01,nan
-4.360191786047167284e-01,nan
1.867499372698529503e-01,nan
-9.337112367026036974e-01,nan
-1.494556927750512854e+00,nan
-9.650403693710578601e-01,nan
-6.229401551721634039e-02,nan
1.557371780252992388e-01,nan
4.668840265052091598e-01,nan
-8.090992918147652535e-01,nan
-4.052448091529448071e-01,nan
-9.345450219798960567e-02,nan
4.672821403794537587e-01,nan
1.401701992210100833e+00,nan
-2.802537767871486896e-01,nan
4.048360287629956256e-01,nan
8.095997857285511801e-01,nan
-7.468781610468702148e-01,nan
-4.673817336292006575e-01,nan
1.276479139921968375e+00,nan
-2.798809062608165199e-01,nan
-7.783597893493809927e-01,nan
-3.736768340023572943e-01,nan
-3.114230222328278133e-02,nan
-9.028215411718009120e-01,nan
-3.420160283610586305e+01,nan
9.415624367620772928e-01,nan
1.412050485728808980e+00,nan
-1.442980092181069596e+00,nan
-3.451702848196299134e-01,nan
6.590116114805123493e-01,nan
-1.349208667140816553e+00,nan
6.591119516778434217e-01,nan
3.138172246432284485e-02,nan
1.349718543323341402e+00,nan
-5.022684147226601503e-01,nan
1.568782162951815329e-01,nan
6.902402745625756397e-01,nan
-9.724632853742596339e-01,nan
-8.157893008889961495e-01,nan
-9.414647034802876568e-01,nan
-1.067214882382203855e+00,nan
3.202398256925393927e+00,nan
1.254956271041068327e-01,nan
1.851009277790771845e+00,nan
3.763228642360291754e-01,nan
1.065846067719695700e+00,nan
-1.285047505747584751e+00,nan
1.285411739976581202e+00,nan
-6.893924042792003437e-01,nan
2.818817639941772479e-01,nan
-1.598380330910480263e+00,nan
2.101083770105797388e+00,nan
-5.019073550486174984e-01,nan
-9.402790530403724034e-01,nan
-1.128945172389990592e+00,nan
5.015646728542765276e-01,nan
-1.191201981519548703e+00,nan
-1.098339612707885271e+00,nan
4.079369862967624494e-01,nan
1.255077829899197139e+00,nan
5.018922325361465653e-01,nan
1.003673388569462421e+00,nan
-1.285358411504172294e+00,nan
-1.568337182270767682e+00,nan
-3.043940477488500385e+00,nan
1.852835506030920731e+00,nan
-6.908024882407998168e-01,nan
7.847657101884172315e-01,nan
3.449233189051387205e-01,nan
-5.959595705495338569e-01,nan
-3.452562859432984355e-01,nan
3.233100452643027367e+00,nan
-4.077705159537585722e-01,nan
-6.273956679824728433e-02,nan
-5.332936955925843270e-01,nan
-4.078607880890605109e-01,nan
5.020276585372460687e-01,nan
1.160810458846132098e+00,nan
4.391131814068630623e-01,nan
-1.129038859489516211e+00,nan
1.223430015286348871e+00,nan
4.080136340475972179e-01,nan
-2.511833357971614555e-01,nan
1.379860044072297898e+00,nan
-5.956674136675389475e-01,nan
2.818817639941772479e-01,nan
-8.462197946502841850e-01,nan
-5.017430013530971289e-01,nan
-7.213353708709386858e-01,nan
0.000000000000000000e+00,nan
-8.782871069361462002e-01,nan
3.451081995383755707e-01,nan
0.000000000000000000e+00,nan
5.333084518185539080e-01,nan
-5.646131401734916233e-01,nan
-9.725103747689367584e-01,nan
5.020484997936804916e-01,nan
-3.011957561727343524e+00,nan
4.709311393642028332e-01,nan
1.632391770867370751e+00,nan
-1.443519277634429443e+00,nan
-1.381197210308680035e+00,nan
2.826036814005093989e-01,nan
-8.794706525521475138e-01,nan
3.171858807815589043e-02,nan
-2.952006362573081688e+00,nan
5.027964551365614598e-01,nan
-6.284258957481140273e-01,nan
-5.656616906652343069e-01,nan
5.343026855490176086e-01,nan
-1.225608822664465469e+00,nan
5.029497998653755797e-01,nan
-5.028940273247420878e-01,nan
-1.194820118306533674e+00,nan
4.719541240800672055e-01,nan
5.344693692301535348e-01,nan
-1.131684114955956666e+00,nan
-2.138159112053586774e+00,nan
1.415625669047975377e+00,nan
8.805588803898211081e-01,nan
9.118303635317525080e-01,nan
3.143610567350667573e-01,nan
1.571696336316509290e-01,nan
-1.634507543035853550e+00,nan
3.207305381312848258e+00,nan
1.256877916582833210e+00,nan
-1.570662089217664259e-01,nan
-1.696373808480805989e+00,nan
-2.828347651547383768e-01,nan
-4.714206761655987954e-01,nan
8.172141221014939116e-01,nan
1.759836370960650154e+00,nan
-5.654422688167786148e-01,nan
-1.665120959509276188e+00,nan
-1.100012070295887101e+00,nan
-4.715481224865980536e-01,nan
-5.973564009613101522e-01,nan
-5.031032381587290381e-01,nan
-1.572372053486316146e+00,nan
-5.662502676186178530e-01,nan
-7.239469850429707254e-01,nan
1.479277767336792726e+00,nan
-7.549689347000659856e-01,nan
6.921700856561411319e-01,nan
-2.513452280641263470e-01,nan
-2.803047864645679255e+01,nan
6.204355239774536734e+00,nan
-2.307648697530807258e+00,nan
6.325543946022132991e-02,nan
-2.533345014864861189e-01,nan
2.214349471097047939e+00,nan
-9.800218872974756357e-01,nan
-7.272701763570789124e-01,nan
-3.478806555417461310e-01,nan
1.391945652869857719e+00,nan
6.636667667279979588e-01,nan
-2.813611224821877421e+00,nan
-1.011947189292958571e+00,nan
1.455137179120289170e+00,nan
-1.012164679504094611e+00,nan
1.740046400059766185e+00,nan
3.795008767080425560e-01,nan
-6.324485366163373756e-01,nan
-1.012058798631455758e+00,nan
1.107186395670654688e+00,nan
-3.036112875343484063e+00,nan
-6.329472608547315193e-02,nan
-6.013082901712120121e-01,nan
1.044516050823711240e+00,nan
-7.594731139966208744e-01,nan
6.646502823702526985e-01,nan
-2.848083797830545660e-01,nan
-2.848262673846291837e-01,nan
6.013376652701587499e-01,nan
9.493546413696242192e-01,nan
-3.796623788364396068e-01,nan
9.808765953141939109e-01,nan
1.898060300790312960e-01,nan
1.578487418637194162e-01,nan
1.584758861596277379e-01,nan
-6.642469695341303160e-01,nan
-1.550136644204171077e+00,nan
-2.215238118728560524e-01,nan
-1.614038042038024257e+00,nan
-9.466062630180289983e-02,nan
6.012183331096281336e-01,nan
-8.863550232902944748e-01,nan
2.216320729486775110e-01,nan
-2.216212420796480898e-01,nan
9.181900165001214420e-01,nan
3.798637870206075795e-01,nan
-1.361381091267765964e+00,nan
3.169383119055280140e-01,nan
-1.614657777117903592e+00,nan
2.216986286612130652e-01,nan
2.153538543927043136e+00,nan
-9.496395816176865790e-01,nan
2.849515435369117666e-01,nan
3.485688198403257276e-01,nan
1.107673537246987250e+00,nan
-3.797895591491190492e-01,nan
3.165178062843199830e-02,nan
-4.114702763581407630e-01,nan
3.165443177187425294e-01,nan
-1.012871118555375816e+00,nan
1.899557601310108701e-01,nan
-9.497390196217356251e-02,nan
-1.424638364584190464e+00,nan
1.615097514087852737e+00,nan
7.281179999393289082e-01,nan
-2.215972094064938336e+00,nan
-2.213571975912103917e-01,nan
2.058500740106713689e+00,nan
3.482036103952269590e-01,nan
1.677579498752372889e+00,nan
2.183210989331718199e+00,nan
-4.427571979620262277e-01,nan
-8.223436533594539188e-01,nan
1.107518185508310049e+00,nan
-7.277284040418976474e-01,nan
3.482649131479909621e-01,nan
-1.645037896868903227e+00,nan
-2.657822073968579168e+00,nan
7.914823338799317209e-01,nan
-9.496130683320749277e-01,nan
-5.382267739691563024e-01,nan
-1.899849385921763334e+00,nan
1.235419651655011108e+00,nan
3.166879985378073109e-02,nan
-8.233830463977147573e-01,nan
1.045252873924720438e+00,nan
2.533362461652825637e+00,nan
-6.013376652708783965e-01,nan
8.862993442260761467e-01,nan
-7.911840760691339902e-01,nan
-2.563567173772658414e+00,nan
4.747451135719638615e-01,nan
2.058385746489591384e+00,nan
-1.677614625667396941e+00,nan
-3.166481969467546120e-01,nan
-1.203347169284444185e+00,nan
1.488428722435413798e+00,nan
-6.329842095560791471e-01,nan
1.013739520583341047e+00,nan
-7.915596414256300672e-01,nan
1.234731930840292202e+00,nan
7.595064475912907120e-01,nan
6.362452410725785712e-02,nan
2.532283840643875239e-01,nan
3.481695869134716625e-01,nan
-1.297623382952834747e+00,nan
4.748761397986704380e-01,nan
-1.329513974340886584e+00,nan
5.382944177803825614e-01,nan
-1.583030975042317712e-01,nan
-1.171483814154210101e+00,nan
-1.583495281558005008e+00,nan
-1.267555515808265865e+00,nan
1.584491252546515572e+00,nan
3.490999004162202990e-01,nan
-9.534571853543674647e-02,nan
-1.678880175066168823e+00,nan
3.232248998126982187e+00,nan
-1.076648974308963558e+00,nan
2.565566933998177923e+00,nan
5.698036351833581925e-01,nan
6.393976204755226433e+00,nan
9.162932325923828225e-01,nan
1.580041626605021010e-01,nan
3.159973157273531230e-01,nan
-5.371580080358262510e-01,nan
-6.288653314496020497e-02,nan
-6.007485290087812846e-01,nan
3.792707751924315196e-01,nan
-5.056520785976268417e-01,nan
-1.137844045356613876e+00,nan
5.058353791064355010e-01,nan
8.851131883943186285e-01,nan
3.729391991458859579e+00,nan
6.950548422550312244e-01,nan
-9.475420012342156140e-01,nan
2.842272636677319886e-01,nan
-1.136837804887563586e+00,nan
2.214230897751892913e-01,nan
-4.425087066041030748e-01,nan
3.790594337134111091e-01,nan
-2.210995224695721184e+00,nan
9.796326347246555599e-01,nan
-6.318845585427208811e-02,nan
-1.484949402968400722e+00,nan
2.212351181373631626e+00,nan
1.863786774425608250e+00,nan
2.526130330962879089e-01,nan
9.788209804258046765e-01,nan
-9.154736481757165256e-01,nan
-1.578721533336039928e-01,nan
9.472658959083256336e-02,nan
-4.420481847081036975e-01,nan
6.631369156898579975e-01,nan
-1.010346609484168878e+00,nan
-5.368662430683339704e-01,nan
9.475231868069616814e-02,nan
-7.895861585262856641e-01,nan
-1.168791010536535779e+00,nan
-2.840578353563769087e-01,nan
5.052691106281536060e-01,nan
3.159554862723193414e-02,nan
-1.326687843836795500e+00,nan
-1.359312734825126157e+00,nan
8.535793507839180005e-01,nan
-2.212567055111812897e-01,nan
-4.422189051272277238e-01,nan
-8.222469922873723025e-01,nan
-7.904614579699562604e-01,nan
-9.487191123038691831e-01,nan
8.223952738852097211e-01,nan
3.067610694740901423e+00,nan
-6.320695029430742906e-01,nan
-3.792945658563215416e-01,nan
2.528841942570982937e-01,nan
-2.528700936287331946e-01,nan
6.954315342077390660e-01,nan
-3.160567766413511781e-01,nan
-1.580394024401339803e-01,nan
3.793077841819248452e-01,nan
-6.953394465382749523e-01,nan
6.002964088427383826e-01,nan
9.485261157493818374e-01,nan
9.480117641790540561e-02,nan
1.579986578636765615e-01,nan
-9.479589207074718971e-01,nan
-1.011367588357109826e+00,nan
7.273987251883051730e-01,nan
5.686138411295529327e-01,nan
-1.358623928681583992e+00,nan
-1.960621240355879813e+00,nan
3.004824125738972729e+00,nan
1.927932901313228253e+00,nan
6.318405401130071375e-02,nan
7.897896714544613284e-01,nan
0.000000000000000000e+00,nan
-6.317217209805342515e-02,nan
4.106248385631031117e-01,nan
-6.316733260039369968e-02,nan
-1.989798692280975168e+00,nan
1.579898509876851986e-01,nan
-6.003405193179321975e-01,nan
4.424147382628172420e-01,nan
-4.423715827662369482e-01,nan
6.004200019278524980e-01,nan
9.479060831331612702e-01,nan
-1.074069060634592399e+00,nan
8.847370011051403083e-01,nan
1.105705540035958556e+00,nan
1.799965678057465324e+00,nan
4.738860463613680518e-01,nan
-5.366569661715510087e-01,nan
-1.957451160198953488e+00,nan
-3.158542608065962459e-02,nan
7.896411516769918926e-01,nan
-1.357946335036864571e+00,nan
-3.158960634616023166e-02,nan
-7.897456597703457204e-01,nan
-1.042645840595810780e+00,nan
-3.792311307154834221e-01,nan
-9.165518769487654982e-01,nan
-6.638441458646132665e-01,nan
1.074952636688377039e+00,nan
-3.476963787395082051e-01,nan
4.109454088970285746e-01,nan
-1.896499265380039434e-01,nan
-1.864968935131489092e+00,nan
1.264905893323911845e-01,nan
-3.478394187733173659e-01,nan
4.111144821392536119e-01,nan
-1.043503704093815987e+00,nan
1.802830316980922110e+00,nan
-4.110084368952915956e-01,nan
-6.323779843079821994e-01,nan
1.897398531467544835e-01,nan
8.221716317325499235e-01,nan
-1.549196446992474385e+00,nan
1.486471726979226915e+00,nan
-1.327901183925966455e+00,nan
3.162595523348704640e-02,nan
-3.288760149922330900e+00,nan
6.298088510086394254e-02,nan
-1.534939953370808396e+01,nan
-6.351145545355519895e-01,nan
-1.302167200387363888e+00,nan
6.350682609235092091e-01,nan
1.302676476859322419e+00,nan
-4.128244604481087210e-01,nan
-5.398965181575380301e-01,nan
-1.302258401339183136e+00,nan
1.112003318527115203e+00,nan
-1.270549393211959643e-01,nan
1.238820365552191216e+00,nan
-9.209225526631743541e-01,nan
-6.352480006529077905e-02,nan
6.987825889608167973e-01,nan
1.270318060689386297e-01,nan
-6.668983012379652298e-01,nan
5.717111881666799844e-01,nan
-3.493350203659091324e-01,nan
1.588008780958438393e-01,nan
1.270362541170519388e-01,nan
1.905490434804630873e-01,nan
1.111489385409089703e+00,nan
7.619773973674720535e-01,nan
1.428467608703753111e+00,nan
-1.047213056769830564e+00,nan
-4.126337607197458901e-01,nan
-1.269757873399518788e-01,nan
1.523434663025669877e+00,nan
6.350008483705419371e-01,nan
3.807567899699595970e-01,nan
-2.534992791235192167e-01,nan
-4.124749499537882502e-01,nan
-6.032201568676994752e-01,nan
8.568706419915678163e-01,nan
4.124894084819943352e-01,nan
-2.534992791235192167e-01,nan
-5.079787652891629701e-01,nan
7.615775211837085834e-01,nan
-9.518120617946423945e-02,nan
1.300837119713100343e+00,nan
-2.569209548457858094e+00,nan
-4.125760077027875172e-01,nan
-4.446704438457394493e-01,nan
8.256254401185814107e-01,nan
6.347367614914817269e-01,nan
2.855915704436201574e-01,nan
-7.615295642437219792e-01,nan
3.808287314201070917e-01,nan
0.000000000000000000e+00,nan
6.032455245984903458e-01,nan
1.265980807935882246e-01,nan
3.490075226038080736e-01,nan
3.077692216580353968e+00,nan
5.386509466522242384e-01,nan
-1.363110062187409266e+00,nan
-6.341953021901262089e-01,nan
7.294266030987266447e-01,nan
-3.805091995527647430e-01,nan
-6.025234536288953668e-01,nan
2.854437704295433864e-01,nan
-6.342795670794149077e-02,nan
-1.744293205520204726e+00,nan
-9.835253690452745445e-01,nan
1.904010416350833956e-01,nan
-5.394469695719300573e-01,nan
-9.523958505986160894e-01,nan
-1.901382693698008275e-01,nan
1.901462415405764939e-01,nan
4.447140490599869045e-01,nan
3.177124299004743246e-01,nan
4.436871752071356312e-01,nan
6.378569241488807329e-02,nan
1.904023739587413500e-01,nan
0.000000000000000000e+00,nan
3.173239671595779465e-01,nan
1.395810464359207526e+00,nan
5.078438197075674232e-01,nan
-4.440360644351192265e-01,nan
1.141601631136018646e+00,nan
-5.704986044748210361e-01,nan
-5.708875408598077517e-01,nan
7.612792205410168211e-01,nan
-2.854317933497891313e-01,nan
-4.123163190563720049e-01,nan
-1.744256613918795162e+00,nan
5.708537939000457584e-01,nan
6.980101617972205297e-01,nan
-1.364082636134604565e+00,nan
4.442535540234091584e-01,nan
-2.855635965405898813e-01,nan
1.903877194232203307e-01,nan
-1.491307861433737170e+00,nan
-9.839521537566575660e-01,nan
-1.047660245365141130e+00,nan
2.000540804746392620e+00,nan
-1.428327639314352915e+00,nan
7.305816325223434271e-01,nan
-9.844279574331717964e-01,nan
0.000000000000000000e+00,nan
-6.668002451250578666e-01,nan
-5.081129914188519114e-01,nan
3.176062047693859469e-01,nan
8.257183041309538174e-01,nan
8.573206034696762012e-01,nan
5.400098946321497673e-01,nan
2.380712524447512468e+00,nan
-1.015554979625215459e+00,nan
-3.776260901701649075e+00,nan
-1.302148961729730603e+00,nan
9.212967252297725729e-01,nan
2.731566402810392091e+00,nan
-6.348656050657629502e-01,nan
6.987674197485598260e-01,nan
3.110797698624465785e-02,nan
-2.218808852920119701e-01,nan
2.218917415546164118e-01,nan
4.447140490599869045e-01,nan
1.554918275804996197e+00,nan
3.807434970998194168e-01,nan
-1.776336566080693791e+00,nan
-8.886749996271013918e-01,nan
2.799874905795051205e+01,nan
4.101477730697667412e-01,nan
0.000000000000000000e+00,nan
-6.309395119002619845e-02,nan
6.940431190072381407e-01,nan
1.103990552482990273e+00,nan
-8.832928426491163387e-01,nan
-1.103621471148692912e+00,nan
-8.202670135257914552e-01,nan
8.204154048002165744e-01,nan
6.309746257885184839e-02,nan
1.040778164544897244e+00,nan
-5.043414496615499232e-01,nan
-6.308912366847667375e-02,nan
-5.047200107584711715e-01,nan
2.527035796535891943e-01,nan
-2.211427452068475685e-01,nan
-3.785795081707449827e-01,nan
-3.155092618227114953e-02,nan
-1.265200942102166770e-01,nan
-9.462452578940924175e-01,nan
3.787033285551795747e-01,nan
4.417836583301245068e-01,nan
5.363993313991842760e-01,nan
1.672106022910327061e+00,nan
-1.264655437586037490e-01,nan
2.210843352450476140e-01,nan
1.889059360172139490e-01,nan
-9.457517603642292547e-01,nan
-1.135517343941680579e+00,nan
-9.149513974675170802e-01,nan
-1.136030931028049418e+00,nan
-2.525145731598861687e+00,nan
-9.442990107821984391e-02,nan
-3.789907720441016981e-01,nan
9.472402648872654263e-01,nan
-1.263144320884524552e+00,nan
-1.547782897358105370e+00,nan
1.169133043272558403e+00,nan
4.738506965778512270e-01,nan
-1.892046088094737344e-01,nan
1.576244389578867477e-01,nan
-1.073956845692301432e+00,nan
-8.846445450136706246e-01,nan
-1.737717672246809952e+00,nan
-9.515430399004262685e-02,nan
6.322677778312212060e-02,nan
5.374201185273567161e-01,nan
2.847989129914216266e-01,nan
-1.267449417968252723e-01,nan
3.160810078731161182e-02,nan
9.163124553486945434e-01,nan
-3.156989385106315216e-01,nan
1.801410636946343180e+00,nan
4.106849073985923693e-01,nan
-4.106477198569136733e-01,nan
1.895468803374803224e-01,nan
2.839925392539552895e-01,nan
6.952485410770303798e-01,nan
-1.326486270169946469e+00,nan
4.738837062607175188e-01,nan
1.137202064305139038e+00,nan
-1.736956484795036282e+00,nan
-6.287032358192168324e-02,nan
-7.269679402575149885e-01,nan
4.107821989729265044e-01,nan
2.843619187925640057e-01,nan
3.159378771830619881e-01,nan
7.897896714544613284e-01,nan
-1.895165162941602754e-01,nan
1.863656958043139689e+00,nan
9.156584893356211063e-01,nan
2.209763978360623216e-01,nan
-1.388926823140443911e+00,nan
-2.210333259293684738e-01,nan
5.055594330768582445e-01,nan
7.574652652321699486e-01,nan
3.535720812965505999e+00,nan
5.677981635556138551e-01,nan
9.146714109495315270e-01,nan
-5.360785674784231958e-01,nan
-4.733817986799099264e-01,nan
5.680543782622450300e-01,nan
9.461131036149739160e-02,nan
3.469009008391709670e-01,nan
3.153403338104154296e-01,nan
-1.450464678541948604e+00,nan
-1.009341729981350300e+00,nan
2.208426553547769011e-01,nan
6.940431190072381407e-01,nan
2.397236628249372892e+00,nan
-1.797292841375066619e+00,nan
-1.545067272991348828e+00,nan
0.000000000000000000e+00,nan
4.416883834098960793e-01,nan
3.154609782108325905e-02,nan
6.627789048743855105e-01,nan
4.728036184699528910e-01,nan
6.307596145464775539e-01,nan
-4.099367330248200880e-01,nan
-3.150490908524565814e-01,nan
-3.157017515765854210e-01,nan
1.482419113548043565e+00,nan
6.936715600823715189e-01,nan
9.457711001573371190e-02,nan
1.891502753466864917e+00,nan
1.323184794254347318e+00,nan
-5.352310627534208054e-01,nan
-1.040027241105863975e+00,nan
9.772384936371462105e-01,nan
3.371234809453730108e+00,nan
-3.148346333903585537e-01,nan
-9.477180396944212548e-02,nan
6.930136203867124367e-01,nan
-6.296299272024530325e-02,nan
1.700339225381538366e+00,nan
5.032074461844137092e-01,nan
-1.573332134115925651e-01,nan
-1.132523760592094364e+00,nan
-5.039242713618748981e-01,nan
4.397629237428410676e+01,nan
-9.661681361581870853e-01,nan
6.205499500118268758e-02,nan
1.247319515285006536e-01,nan
-4.053676932045793824e-01,nan
2.186062733206556585e-01,nan
-6.267866329249509316e-02,nan
6.267952958541615771e-02,nan
-1.497115733671207538e+00,nan
-1.871622738557235099e-01,nan
-8.734599926165359518e-01,nan
-1.154437337970452004e+00,nan
-1.061104425006749841e+00,nan
-7.491901832346928858e-01,nan
5.619854777149205782e-01,nan
-7.492211261631265273e-01,nan
-3.122270514334867658e-02,nan
-2.185604407432012730e-01,nan
-3.122442492888611865e-01,nan
3.747188991257757729e-01,nan
3.434639446115599903e-01,nan
-4.995460859788152241e-01,nan
1.592478564759846948e+00,nan
-8.739950535950474775e-01,nan
-9.397257871911465776e-02,nan
-9.363109750875403536e-01,nan
2.498177598744645844e-01,nan
5.308334981467413005e-01,nan
2.809966078948997747e-01,nan
4.058588416484640304e-01,nan
-3.746054057851812558e-01,nan
1.248787838990758070e-01,nan
-6.555955626917956414e-01,nan
-4.995736006518698979e-01,nan
7.182161686943283607e-01,nan
2.185529172515886798e-01,nan
1.904440785608030984e+00,nan
-4.993157695202370405e-01,nan
-5.617920950559038840e-01,nan
-2.185017712417422486e-01,nan
1.560802138182775523e-01,nan
2.812468657581589371e-01,nan
4.057694254981324411e-01,nan
-1.875735436870224482e-01,nan
-1.248461246155845306e-01,nan
5.618230273373188144e-01,nan
3.745022896619272235e-01,nan
-6.553248903154728078e-01,nan
-2.496836572264469201e-01,nan
1.872730535383844708e-01,nan
-7.802721686175152493e-01,nan
1.872975458084957801e-01,nan
1.872898107160442249e-01,nan
0.000000000000000000e+00,nan
-6.863888094975030274e-01,nan
-6.246802712316397166e-01,nan
2.806921192387826780e-01,nan
4.686237991354151866e-01,nan
6.243509384686805885e-02,nan
4.682567572312991144e-01,nan
1.557573321349191853e-01,nan
5.933557500308129784e-01,nan
-3.120873890680271601e-02,nan
-6.865969808862611989e-01,nan
2.809231143915614792e-01,nan
-2.621786660884400266e+00,nan
0.000000000000000000e+00,nan
-4.059874062369419057e-01,nan
-9.369778949314283567e-02,nan
-3.747989016455789413e-01,nan
9.370746988426265078e-02,nan
-5.622332018734284009e-01,nan
-8.750058117362122800e-01,nan
6.252140366823356610e-01,nan
-2.496137710357713424e-01,nan
9.682048261166880110e-01,nan
1.530555341432776828e+00,nan
8.118574072082124227e-01,nan
-4.370757436442808119e-01,nan
-1.405021731452110290e+00,nan
0.000000000000000000e+00,nan
-2.186266698114209817e-01,nan
5.309760813200222751e-01,nan
-1.592741760792944605e+00,nan
7.497888665075551629e-01,nan
-6.559568071982373461e-01,nan
9.372167140835350185e-01,nan
-1.561705112662663542e-01,nan
1.186936759509781725e+00,nan
9.368101488689258849e-01,nan
-1.873233340674293756e-01,nan
1.873310719299331739e-01,nan
6.244111135588077399e-01,nan
-6.558535729067145326e-01,nan
2.500783898120651494e-01,nan
-2.806592705420976608e-01,nan
-3.153319323184202577e-02,nan
5.619816087570347340e-01,nan
1.186258617315159913e+00,nan
1.341994243358272332e+00,nan
8.732862046579996651e-01,nan
4.058330165342542983e-01,nan
4.366759288369992942e-01,nan
-2.806932121804701086e-01,nan
1.216412541884384080e+00,nan
-8.107242376067762546e-01,nan
-1.029180133344493209e+00,nan
8.113651998077259231e-01,nan
3.056500049173051584e-02,nan
-3.427623382377760763e-01,nan
4.990547719784432235e-01,nan
1.247499649730768878e+00,nan
7.171150342608462180e-01,nan
1.122263462174964754e+00,nan
1.246650899708444810e-01,nan
8.103008101796510543e-01,nan
-1.869590896040961847e-01,nan
-6.232226580081916961e-02,nan
6.232312227001585159e-02,nan
-2.243601568830906778e+00,nan
5.920428129614114798e-01,nan
9.570265307005053401e+00,nan
-9.332052781762647520e-01,nan
9.333973497336923997e-02,nan
-4.978016741440000614e-01,nan
3.114713619678506351e-01,nan
5.286248762475502794e-01,nan
-6.533153945517098382e-01,nan
2.800326533423210806e-01,nan
4.355794531689453075e-01,nan
1.182173542193986071e+00,nan
-2.799155033505454915e-01,nan
4.662435995944176903e-01,nan
9.644247990700850481e-01,nan
3.109383254481390760e-02,nan
-9.328085806736549634e-02,nan
-3.109425893163504651e-02,nan
0.000000000000000000e+00,nan
9.328341638829269755e-02,nan
3.109383254481390413e-01,nan
-1.088209527514341968e+00,nan
3.731899586486082665e-01,nan
3.420626469508787904e-01,nan
1.243770357265401860e-01,nan
1.150456028279812637e+00,nan
1.554276016925619119e+00,nan
1.988791690408438839e+00,nan
-9.628987060306807289e-01,nan
-6.213569008667777505e-01,nan
-1.864326138728256699e-01,nan
7.768344930085840927e-01,nan
-1.864083472742301684e-01,nan
-4.039013544116570320e-01,nan
7.457304554920091144e-01,nan
1.556456385848414004e-01,nan
-5.284314271972369026e-01,nan
1.550370435761576071e-01,nan
1.556531132952335417e-01,nan
1.584438388411105736e+00,nan
-1.366178466827870031e+00,nan
6.831397462717393454e-01,nan
1.553062429080604157e-01,nan
1.863611093917440786e-01,nan
1.245462233854267575e-01,nan
1.239216419391632878e-01,nan
1.677089176561792572e+00,nan
-9.313717811271966518e-01,nan
-6.520941690288428738e-01,nan
-6.211313784161764939e-02,nan
-9.317098285875051455e-02,nan
-4.658644853446085587e-01,nan
-2.174257616973922780e-01,nan
-2.174361863630170089e-01,nan
-3.106380171833269394e-02,nan
-6.212802899734376494e-02,nan
-1.553222003411832142e-01,nan
1.460078690006907376e+00,nan
-6.211101111636113670e-02,nan
1.239131642691070484e-01,nan
2.176961273450162548e-01,nan
4.658038753340999483e-01,nan
3.105040243102625414e-02,nan
2.484015186976959444e-01,nan
-5.902317795158215086e-01,nan
-3.726303678777634909e-01,nan
-4.655156845781623920e-01,nan
4.969323272398263880e-01,nan
5.279327487851510625e-01,nan
3.726150340289852703e-01,nan
1.335094175737932432e+00,nan
1.707176011885747968e+00,nan
5.895297896597165854e-01,nan
-1.427097133833295173e+00,nan
-3.103361647718932970e-01,nan
7.448577666758122717e-01,nan
-4.657699610992699357e-01,nan
2.545084477679244728e+00,nan
-1.519804795413575604e+00,nan
3.102682226703457058e-02,nan
0.000000000000000000e+00,nan
-2.482128799679267639e-01,nan
2.792547742173065450e-01,nan
-1.241055909107010025e-01,nan
-4.343814554528754313e-01,nan
3.103021900020601076e-01,nan
-4.657317202818293533e-01,nan
-1.238148181932706426e-01,nan
-3.413534298848727722e-01,nan
-8.999995129185531795e-01,nan
9.312187837093522935e-01,nan
4.341692076822237789e-01,nan
-1.458159976667689373e+00,nan
1.241650540849191520e-01,nan
2.793637229721218640e-01,nan
1.862310099245073347e-01,nan
6.207445422350882369e-01,nan
1.117187258170513342e+00,nan
2.795382812351561719e-01,nan
-5.587318690345293160e-01,nan
9.928718981770939811e-01,nan
-1.179087509614443752e+00,nan
-4.033707946270268518e-01,nan
1.613937016098569099e+00,nan
-2.791821889111404387e-01,nan
-2.481772237838444362e-01,nan
9.617393728004534070e-01,nan
-2.729520018784535207e+00,nan
-4.658496496405401532e-01,nan
-1.924116356092475000e+00,nan
9.005171613083313709e-01,nan
-1.148707590924238797e+00,nan
0.000000000000000000e+00,nan
9.934180029623070896e-01,nan
0.000000000000000000e+00,nan
-5.895866309605405364e-01,nan
-1.242050113429950947e-01,nan
9.626152018993843207e-01,nan
-4.035916755998166239e-01,nan
-5.899172558376065689e-01,nan
-6.831509499582149036e-01,nan
2.049761622894629376e+00,nan
-6.208592675304321767e-02,nan
-1.847081607956718585e+01,nan
3.397567336736543986e+00,nan
1.865705764741408534e-01,nan
9.969747029872465527e-01,nan
7.784720227180275121e-01,nan
1.494409757248436721e+00,nan
-9.645104687454857384e-01,nan
-9.370100320377099112e-02,nan
-4.046970798376859357e-01,nan
1.242219582733612299e-01,nan
-1.864834959397424219e-01,nan
-6.226750069286868250e-02,nan
3.113417782838995285e-02,nan
-9.028849584879740098e-01,nan
-6.196892598907492722e-02,nan
1.307593346123312239e+00,nan
3.735793573272555568e-01,nan
1.089516708537907386e+00,nan
1.182619737257927683e+00,nan
-9.645172119307172665e-01,nan
-3.423208481837421435e-01,nan
-1.276019479970021520e+00,nan
5.292301568789562483e-01,nan
-9.338265951447796698e-02,nan
6.225638828821816739e-01,nan
-6.224784298377051828e-01,nan
4.046665238734181158e-01,nan
-1.743023340058669879e+00,nan
-7.161598393591901424e-01,nan
-1.837395831175100414e+00,nan
-1.869295489274117317e-01,nan
-2.180934633385163413e-01,nan
6.231541489458827104e-02,nan
-2.807270866605651727e-01,nan
-2.178028648381537535e-01,nan
-5.016873453094794932e+00,nan
9.358564295333016148e-02,nan
-1.559728529107060890e-01,nan
3.743477218755300040e-01,nan
7.486336472560612965e-01,nan
-6.549463242547505226e-01,nan
-1.715583374372684933e+00,nan
5.616761293297031221e-01,nan
-1.716020083772959337e+00,nan
-8.427287409234398563e-01,nan
1.030193231430575285e+00,nan
7.802721686175152493e-01,nan
4.275155925239393362e+00,nan
-1.683510918365305642e+00,nan
-7.173172315932461185e-01,nan
1.247705581385997631e+00,nan
-2.182884199509569079e-01,nan
2.089432591830640895e+00,nan
-1.278019180573735536e+00,nan
1.247199454553509779e-01,nan
1.496598186880389036e+00,nan
-4.051949580182511723e-01,nan
-5.302293929174911602e-01,nan
2.774911049962629495e+00,nan
-4.050307176286732092e-01,nan
-1.090564716639836673e+00,nan
-1.527157847272356372e+00,nan
-6.858936793129731813e-01,nan
3.118170144638719998e-01,nan
1.340720977776635570e+00,nan
-1.402665414249278930e+00,nan
7.794996590966525307e-01,nan
4.987940471477730897e-01,nan
9.974783848376400641e-01,nan
2.867119735109478373e+00,nan
3.114465481391797200e-02,nan
-4.983110548280774710e-01,nan
6.229572692660239053e-01,nan
1.245743416403608944e-01,nan
-9.654246281552624209e-01,nan
-8.721821096690518527e-01,nan
-1.090437350979252207e+00,nan
3.739541509138264441e-01,nan
-1.246411058667954846e-01,nan
-2.181279303028670902e-01,nan
3.022775281983810736e+00,nan
-2.615917459501063913e+00,nan
8.721641530005900256e-01,nan
2.336539263959257262e+00,nan
9.655836133804953647e-01,nan
9.653780685179526033e-01,nan
-2.552525180267275928e+00,nan
1.370563309125214735e+00,nan
1.183041823068944565e+00,nan
-1.120795412040027195e+00,nan
1.525169135730385817e+00,nan
2.492855198079820256e-01,nan
1.151442852983093346e+00,nan
-1.057814043293844097e+00,nan
-2.800749282230836634e-01,nan
-6.535485277344129651e-01,nan
-8.092719450466159259e-01,nan
2.459380552854571800e+00,nan
7.467486188275351822e-01,nan
-1.555470162186458893e-01,nan
-5.599884654117599503e-01,nan
-3.111431231157366778e-02,nan
5.600614641208281341e-01,nan
-3.111068372084584976e-01,nan
2.146784447759866321e+00,nan
1.088433392877631745e+00,nan
-1.585622385835688819e+00,nan
-3.110150929726514524e-01,nan
6.251832122628656063e-02,nan
-6.251745938372146871e-02,nan
-9.331092720352889003e-02,nan
-2.799385415048591952e-01,nan
2.488496200977342310e-01,nan
-4.043584444217937501e-01,nan
4.043945015447024116e-01,nan
4.976719315958906265e-01,nan
-1.057747823019690392e+00,nan
-1.928405897041463701e+00,nan
1.867294321985084327e-01,nan
9.339199226952750177e-01,nan
-4.359055041916335971e-01,nan
-7.542699184230882281e+01,nan
6.296989888826218240e-02,nan
7.280991230677077430e-01,nan
0.000000000000000000e+00,nan
7.273494927206659577e-01,nan
8.853957213834443563e-01,nan
-1.578157287383541996e-01,nan
1.739196178659534020e+00,nan
1.267776521093682829e-01,nan
6.322898160533585443e-02,nan
-6.322810005801475508e-02,nan
3.161449080266792722e-02,nan
1.264570816572052336e-01,nan
-3.161338889156106030e-02,nan
4.742041390152785807e-01,nan
6.290450485872672859e-02,nan
-2.022715293052979479e+00,nan
-2.213677928707350473e-01,nan
-1.268183117016953021e-01,nan
6.356906107485735258e-02,nan
-3.162595523348704640e-02,nan
1.897570547087879811e-01,nan
4.743727878468054215e-01,nan
6.355930515477691001e-02,nan
1.296148957780499655e+00,nan
-2.528965335969780015e-01,nan
2.529106371742885773e-01,nan
-1.106422334487497494e+00,nan
-1.264791241817578293e-01,nan
-1.043481876516683782e+00,nan
6.325588061278450414e-02,nan
6.009224839880399349e-01,nan
0.000000000000000000e+00,nan
-4.430425570959137249e-01,nan
4.747122421565359018e-01,nan
1.581154417324481531e-01,nan
-2.308404966018451798e+00,nan
0.000000000000000000e+00,nan
-1.518311945118173689e+00,nan
-2.218572887225004342e-01,nan
-8.862065613291888466e-01,nan
0.000000000000000000e+00,nan
1.108291278938001945e+00,nan
2.212243150023332772e-01,nan
-2.212135239488659533e-01,nan
-3.196517284001764575e-02,nan
-4.335900540875907261e+00,nan
-1.583959860522199115e-01,nan
-1.362569862741104698e+00,nan
-1.264424019531761867e-01,nan
-1.901125610540082889e+00,nan
1.331250927012192831e+00,nan
2.538745093346420068e-01,nan
1.140628230583365044e+00,nan
1.236029972575402258e+00,nan
-4.754615399402073450e-01,nan
-1.900778388155794918e-01,nan
9.504290295977788072e-02,nan
1.203851541133973857e+00,nan
1.615266707474947161e+00,nan
1.269590841977373541e-01,nan
0.000000000000000000e+00,nan
-6.363606369398049079e-02,nan
-1.171426565275774712e+00,nan
7.917089391122512643e-01,nan
0.000000000000000000e+00,nan
-4.116167898721237450e-01,nan
-3.799884490562256412e-01,nan
-3.480352496335082924e-01,nan
-3.294078669956885363e+00,nan
-1.584690464215184613e-01,nan
1.299491589159596172e+00,nan
-6.337167478303731838e-02,nan
-3.485490818622814513e-01,nan
0.000000000000000000e+00,nan
1.109105048377110547e+00,nan
3.484906441858522386e-01,nan
7.289230522783489707e-01,nan
3.480911322571341171e-01,nan
-5.700782067434149170e-01,nan
-3.167499320170637511e-01,nan
-1.678891902037859207e+00,nan
-9.506681128622765375e-02,nan
1.426032062847332860e+00,nan
6.335927960519316393e-02,nan
5.068671553678241182e-01,nan
-3.167565691837807840e-02,nan
1.267035126537991996e-01,nan
-3.167499320170637234e-02,nan
-2.534017155000514165e-01,nan
6.335396887033993563e-02,nan
-1.868915973117511120e+00,nan
-2.535168111726029960e-01,nan
-2.725458078219179736e+00,nan
8.244711873892900389e-01,nan
-1.902279981828143562e-01,nan
-3.170599631319202805e-02,nan
3.484513356261844663e-01,nan
0.000000000000000000e+00,nan
7.925945502263381792e-01,nan
1.712022053798390342e+00,nan
9.505884050769844440e-02,nan
2.978447904689271564e+00,nan
3.486296648375049045e-01,nan
2.216050372135417224e+00,nan
-1.930462202472654321e+00,nan
6.332079693746311966e-02,nan
-1.266398256563372016e+00,nan
-1.583439992690476750e+00,nan
5.071945762646425937e-01,nan
-4.437852214898698744e-01,nan
5.702295330902599213e-01,nan
-1.263849883489031600e-01,nan
3.797990582196262843e-01,nan
3.199040251024149600e-02,nan
1.897239201288731247e-01,nan
1.266884696707630542e-01,nan
-7.281216389895547314e-01,nan
0.000000000000000000e+00,nan
-1.235693182749028507e+00,nan
-1.901097112392781951e-01,nan
6.340424661869898948e-01,nan
9.501387035607333775e-01,nan
-3.484273588132910104e-01,nan
4.434870752948312789e-01,nan
-6.334910147875492947e-02,nan
-2.533999456136509787e-01,nan
6.652120266675277671e-01,nan
-6.334423483502145402e-02,nan
-1.171884713039523129e+00,nan
-7.286571657536857760e-01,nan
-1.267433495660746368e-01,nan
3.482370853230268293e-01,nan
3.171597427065009911e-01,nan
1.235917717683430395e+00,nan
0.000000000000000000e+00,nan
2.311844562640080536e+00,nan
2.532584347612553133e-01,nan
1.044632706021295432e+00,nan
3.164824646122410545e-02,nan
2.500194022558458684e+00,nan
5.696668801029352025e-01,nan
4.740829542190470591e-01,nan
-1.581165442883628591e-01,nan
-3.159278704898489942e-01,nan
1.894434219995199398e-01,nan
1.486388799107932090e+00,nan
3.161493158861947150e-02,nan
-4.109912455241135909e-01,nan
2.848743648284811081e-01,nan
-3.484038082642426648e-01,nan
3.193419983517189337e-02,nan
2.845601729731169760e-01,nan
2.560880868991362913e+00,nan
2.211857913827592892e-01,nan
-4.739464373300251054e+00,nan
3.194577926779450933e-02,nan
-1.961646805687207173e+00,nan
0.000000000000000000e+00,nan
-2.528271616945996780e-01,nan
2.848024177491825237e-01,nan
1.202423584379188171e+00,nan
7.279061253509667706e-01,nan
-1.268333390969955121e-01,nan
-7.274933633937703537e-01,nan
6.358679428601562988e-02,nan
9.487269766030814733e-01,nan
6.009350568163153161e-01,nan
-6.008554377927142198e-01,nan
-2.213971261952196457e-01,nan
3.795564602908125806e-01,nan
-1.897623481255431843e-01,nan
1.834762408908943820e+00,nan
6.003800652384928549e-01,nan
4.109482733873606186e-01,nan
-9.482562418528192594e-02,nan
-1.454023307172251034e+00,nan
6.323868024850597125e-02,nan
3.161889921543505899e-01,nan
3.161669485534591983e-02,nan
9.481780683439028357e-01,nan
-1.200542691516945926e+00,nan
1.893932316673457572e-01,nan
-1.327910441656404483e+00,nan
2.846355820631819022e-01,nan
2.213693365361339982e-01,nan
3.541736501290415173e+00,nan
-3.159797019753703973e-01,nan
-2.528013755784631611e-01,nan
2.528154685438973037e-01,nan
-1.327207221784596269e+00,nan
9.482826794253419733e-02,nan
-4.425226638510018073e-01,nan
-1.261312669168351275e-01,nan
1.264192895870276390e+00,nan
2.528313250075881480e-01,nan
1.358892612726013915e+00,nan
1.895561234993879962e-01,nan
-9.793323704596732515e-01,nan
6.319638071739674956e-02,nan
1.263910001577745468e-01,nan
0.000000000000000000e+00,nan
-3.159686943774809437e-02,nan
-3.159708958357039521e-02,nan
2.654174017528827534e+00,nan
-1.578941395676174697e-01,nan
-2.810613540079718753e+00,nan
-2.211965797313949211e-01,nan
-1.169238951121979397e+00,nan
-5.373564396073238214e-01,nan
-3.509353373981741520e+00,nan
-1.262333464548403006e-01,nan
6.327662169193677411e-01,nan
1.265355880772010833e-01,nan
-1.265320576062683555e+00,nan
-3.797021135332283026e-01,nan
0.000000000000000000e+00,nan
-2.876484347639178907e+01,nan
-8.280086963988956272e-01,nan
2.675593530133676623e+00,nan
-6.685039765962844660e-01,nan
-5.412496707620187975e-01,nan
-2.228941135675260032e-01,nan
-8.916202768411845003e-01,nan
-3.503482754401726629e-01,nan
1.592615196508295972e+00,nan
2.547289756386700854e-01,nan
-1.270389409336832032e-01,nan
-1.815211255783727662e+00,nan
2.545052710363802095e-01,nan
-3.500445519023643315e-01,nan
1.560828668454956158e+00,nan
6.782492322213460767e+00,nan
-1.494371340456124075e+00,nan
-3.180561539464679677e-02,nan
1.494556349184858579e+00,nan
-1.144315008190993854e+00,nan
3.180338492426932478e-02,nan
2.226221332610626991e-01,nan
4.455404268331456530e-01,nan
-1.622040299571407607e+00,nan
9.542956245122170833e-02,nan
-6.998020655583045979e-01,nan
-1.113493291264990637e+00,nan
-1.241054385143737449e+00,nan
1.973498319364901388e+00,nan
-1.399937987408036655e+00,nan
1.082104302042085076e+00,nan
1.272760191589214218e-01,nan
-1.113633913444481260e+00,nan
3.373548268546194162e+00,nan
-1.240288522450680331e+00,nan
-1.905477091034875059e-01,nan
-1.018311929521693582e+00,nan
-1.781571078123495244e+00,nan
-9.581418863602146618e-02,nan
-6.999995095770346065e-01,nan
-5.415566089069391298e-01,nan
1.050764402074899850e+00,nan
1.655366419717840820e+00,nan
6.046247241031512676e-01,nan
-6.681803480669781248e-01,nan
-1.973013631091334208e+00,nan
-1.368976008597119653e+00,nan
2.388469851618581608e+00,nan
-1.910088356562216427e+00,nan
5.734908591519657373e-01,nan
4.139055245245092385e-01,nan
1.913342451015929702e-01,nan
-2.231608107750808756e-01,nan
-1.082430948666405657e+00,nan
7.642513179087153663e-01,nan
-1.910306366940919542e-01,nan
-4.139171483897300385e-01,nan
3.505879834154434493e-01,nan
5.409654312539572407e-01,nan
-7.322378409195539062e-01,nan
1.337345901491822309e+00,nan
-2.864896382319499946e+00,nan
9.555691179041085614e-02,nan
-1.114807147655864084e+00,nan
9.557839355076276633e-02,nan
6.371758615029517181e-02,nan
5.415918728720896524e-01,nan
-5.096726602842009957e-01,nan
7.008786765575759636e-01,nan
-4.459447835850802733e-01,nan
4.619168047798027921e+00,nan
8.274218435502999069e-01,nan
4.451353842601794009e-01,nan
3.245447029893022695e+00,nan
6.676369825300841887e-01,nan
-1.589377878795282528e-01,nan
5.721960899188506255e-01,nan
-2.733798719848051562e+00,nan
9.544330350437043586e-01,nan
-6.359428254236465516e-02,nan
6.992289417613848368e-01,nan
-2.733853004522044827e+00,nan
1.876899880212367977e+00,nan
-6.359740390929923270e-01,nan
1.049504342517161515e+00,nan
1.049261520928435942e+00,nan
1.239749504706100014e+00,nan
7.309345066173467131e-01,nan
1.302760235020575585e+00,nan
1.683254625810695071e+00,nan
-3.302070258432806771e+00,nan
1.715633012543536395e+00,nan
-1.619372026099030526e+00,nan
-6.387015421583781827e-02,nan
6.387105375765496362e-02,nan
3.336182831410510641e+00,nan
2.349709957592484244e+00,nan
3.170465748885967772e-01,nan
-6.661003401949137093e-01,nan
-4.760825563730290422e-01,nan
-1.110975927118484696e+00,nan
3.174994732890461524e-01,nan
-1.619133957618153596e+00,nan
-1.175085350584174959e+00,nan
2.191943343910154773e+00,nan
-5.397831159608614815e-01,nan
4.763359159023860534e-01,nan
2.444934232124730933e+00,nan
-3.490881180338427092e-01,nan
1.300929409049228269e+00,nan
7.300756556881624615e-01,nan
6.979173899943863502e-01,nan
2.283741820851669768e+00,nan
-9.510801494581104520e-02,nan
7.608800766184984354e-01,nan
8.368276828402626322e+00,nan
1.044107962730564942e+00,nan
-5.377499920019387369e-01,nan
-1.075627528472834271e+00,nan
1.676794844319473565e+00,nan
-3.476347283231892571e-01,nan
-5.472740533929626139e+01,nan
1.889224539802945912e+00,nan
-3.840890534765596387e-01,nan
1.792887503426741302e+00,nan
-6.722671020600337055e-01,nan
-1.792124667936125126e+00,nan
-1.568729004169317820e+00,nan
-2.626128378846229072e+00,nan
-1.025424385105308644e+00,nan
1.602587965547360938e+00,nan
-2.563234950536733558e-01,nan
-1.153520925578508383e+00,nan
-5.192164831903300914e+00,nan
-1.861053933183928644e+00,nan
-2.118620451028423002e+00,nan
3.693261005279638631e+00,nan
4.492485223763400537e-01,nan
1.925160100464599622e-01,nan
2.245924775842808307e-01,nan
0.000000000000000000e+00,nan
-2.278217435767216248e+00,nan
1.412684740128945515e+00,nan
1.379513855496360408e+00,nan
3.531944353427682870e-01,nan
2.823090057301918865e+00,nan
-5.132320584804728192e-01,nan
1.410666239949205369e+00,nan
-1.378176948441184990e+00,nan
3.206036971058528473e-01,nan
-5.129296538789708260e-01,nan
2.244321076914162771e-01,nan
7.694434334834625577e-01,nan
-2.372048129555346829e+00,nan
-3.524655588845925225e-01,nan
8.977504827986819702e-01,nan
5.772172349226993848e-01,nan
9.619062938781611227e-02,nan
4.040241373952365045e+00,nan
1.505292876890217402e+00,nan
-6.404738871823273394e-01,nan
-7.366490057085955945e-01,nan
1.793871575546211794e+00,nan
6.083943433266315592e-01,nan
1.408724229763390845e+00,nan
-8.641759735618567140e-01,nan
6.402523543964744324e-01,nan
1.920485930667525376e-01,nan
-3.520741777357280222e-01,nan
4.737365809657483773e+00,nan
1.282230623322759555e-01,nan
-1.535116003437433818e+00,nan
-1.855173452716831539e+00,nan
3.199883913678679831e-02,nan
3.519847469290898756e-01,nan
-8.318993797899768561e-01,nan
1.184074014273184483e+00,nan
3.199364701202915551e-02,nan
9.278092178659126388e-01,nan
5.114701665415338772e-01,nan
-6.073622986553161018e-01,nan
3.006510205972853900e+00,nan
1.886335015692766071e+00,nan
-1.373982057780239963e+00,nan
-1.310792577777522894e+00,nan
-1.406448102725675886e+00,nan
3.837829740474844598e-01,nan
-1.918752493441124640e+00,nan
0.000000000000000000e+00,nan
-8.957968377632354873e-01,nan
3.199906491956979182e-01,nan
-9.567045363305951011e-02,nan
6.367498967633793139e-02,nan
1.375872418537912090e+00,nan
-3.838159539309144996e+00,nan
-6.085941882128365066e-01,nan
9.605616067896410870e-02,nan
2.721533574671727962e+00,nan
-2.236718855662197247e-01,nan
4.160054265269065299e-01,nan
8.636120459114613457e-01,nan
1.375629773957264712e+00,nan
-2.814388628757814370e+00,nan
-2.236908256968351549e-01,nan
1.151792551390381281e+00,nan
7.998750329234158851e-01,nan
-6.397871827246487397e-01,nan
-7.038651998747591509e-01,nan
-1.759936152524728792e+00,nan
-1.312461738853050619e+00,nan
-1.985272787022396290e+00,nan
1.025105676133976074e+00,nan
-2.946833058199490818e+00,nan
-9.611236444587020200e-01,nan
-6.728330022210756711e-01,nan
-7.056337220412394196e-01,nan
2.889027365754228693e-01,nan
1.763124249560384271e+00,nan
-5.384429179774894436e+00,nan
2.855535322072425330e+00,nan
-1.571015236368505263e+00,nan
-2.021309934107055284e+00,nan
-3.848010304739916676e-01,nan
6.098281896504771371e-01,nan
-1.604595254774910051e+00,nan
-5.457554869134524367e-01,nan
3.307034160700804915e+00,nan
-2.406279877961743807e+00,nan
3.531084073139068580e-01,nan
1.412323662452720230e+00,nan
-1.508148782305797297e+00,nan
1.412353651701160118e+00,nan
3.240984264458910413e+00,nan
-5.130565915284162060e-01,nan
-6.734629664376664548e-01,nan
1.090530558568655772e+00,nan
-8.658013637613791724e-01,nan
7.376753275386399578e-01,nan
5.130819865973068605e-01,nan
1.923839791567806712e+00,nan
-4.583207228161425562e+00,nan
-1.123219661544754056e+00,nan
5.006481327912879031e+00,nan
-3.846646101426633990e-01,nan
3.846972404086813624e-01,nan
3.526092259641080973e-01,nan
3.205289199398603933e-02,nan
-3.205266545096799313e-02,nan
1.282115679766729632e-01,nan
-2.567364065880786694e-01,nan
3.208585426418547604e-01,nan
-2.564122622720152456e-01,nan
-3.205334508962928014e-02,nan
1.282142865690184264e-01,nan
3.846319854123447790e-01,nan
1.378147728935426253e+00,nan
2.563216841170031790e-01,nan
-4.869836753465963675e+00,nan
-4.842998889492397652e+00,nan
9.953209609874721364e-01,nan
6.387916447404306197e+00,nan
-3.365767757655511616e+00,nan
1.732251900941530698e+00,nan
-3.206649043783397768e-01,nan
-2.789981943131815800e+00,nan
-1.957077554654590212e+00,nan
1.315875435552984030e+00,nan
5.134565568447472472e+00,nan
1.602837299066471211e+00,nan
1.955091075984142446e+00,nan
-7.046954406459069453e-01,nan
3.520821139647355991e-01,nan
-1.537316558698230029e+00,nan
5.447644031863960734e-01,nan
-3.844933920221877965e-01,nan
6.408766554076435196e-02,nan
-4.229726152561909203e+00,nan
2.245130579127256609e-01,nan
1.956374080299830620e+00,nan
6.411575350140117369e-01,nan
-3.205334508962928153e-01,nan
-2.596183915455164026e+00,nan
2.883450103735304970e-01,nan
-4.201423229113596669e+00,nan
2.311641488165755209e+00,nan
1.443518473925246237e+00,nan
2.566008700405187359e-01,nan
3.524855009230595249e-01,nan
-4.104741856526202604e+00,nan
8.345962414321445033e-01,nan
-9.949124219001271863e-01,nan
7.383228050689342181e-01,nan
9.628729859794359358e-01,nan
1.251469171425059868e+00,nan
-1.219043816146232695e+00,nan
-1.636525029080739602e+00,nan
-1.284012394561353521e-01,nan
-5.139405122099489631e-01,nan
7.711586672594414882e-01,nan
1.922753985493972917e-01,nan
-2.567843029669316102e-01,nan
-2.118590459019666028e+00,nan
-1.605742912012963208e-01,nan
7.389890538642561735e-01,nan
-1.287641592409464741e-01,nan
-1.862798246803414326e+00,nan
-4.882659018091380254e+00,nan
-2.058207666498509170e+00,nan
-1.158267487459671230e+00,nan
2.864547980569436270e+00,nan
1.221512809303786584e+00,nan
-7.392053047319019354e-01,nan
-1.382819051748561678e+00,nan
2.251787394959404498e+00,nan
6.430485333590137131e-02,nan
-4.147604228924484993e+00,nan
1.158208690011763631e+00,nan
-1.061393410679132954e+00,nan
-5.148914849612618028e-01,nan
3.221655627889791207e-01,nan
-1.609104285770581511e+00,nan
1.383998930216842727e+00,nan
2.156307008939001513e+00,nan
-4.857427094840656601e+00,nan
-6.759385249648939276e-01,nan
1.191684308337884524e+00,nan
1.609961146337767657e+00,nan
-1.159404415233351138e+00,nan
7.733485725449639192e-01,nan
1.931110362178838580e+00,nan
-1.930610174475118346e-01,nan
1.576732098886724609e+00,nan
-9.003549551144732765e-01,nan
2.248921346594274784e-01,nan
-2.895463298174207889e-01,nan
-7.081468482015605970e-01,nan
-2.571093579146480623e-01,nan
1.930843068603451007e+00,nan
-3.216702233346414169e-02,nan
-1.737031526779158508e+00,nan
-1.705517531971737277e+00,nan
-1.191092255860218385e+00,nan
-1.771007684069542565e+00,nan
-1.932763159163445321e-01,nan
2.899268301151456395e-01,nan
6.439185377809742983e-01,nan
-2.573376041809685710e-01,nan
1.932557252534936321e-01,nan
-2.222346137494590312e+00,nan
9.989348835884251931e-01,nan
1.546397258447927525e+00,nan
4.830844167873921124e-01,nan
-2.189749431323331219e+00,nan
-6.443550783110653379e-02,nan
2.802984416524075595e+00,nan
-1.738386798335433525e+00,nan
7.083123667282362756e-01,nan
-9.661688335821069784e-02,nan
3.156218764829709755e+00,nan
-1.673563585171981227e+00,nan
1.609789815516950440e-01,nan
1.577538021740964025e+00,nan
-9.011368325381384770e-01,nan
1.004323463785530102e+01,nan
-8.029681217359614376e-01,nan
-1.702272633249673817e+00,nan
4.817257683492089937e-01,nan
5.783951207726263366e-01,nan
7.389661848892931095e-01,nan
-7.388457928748112247e-01,nan
6.425792912081762509e-01,nan
-5.139906044915800720e-01,nan
-7.068171902281003005e-01,nan
-8.672713505360034603e-01,nan
1.060272488572723049e+00,nan
-3.213169624746823327e-01,nan
-3.531523633591743816e-01,nan
-5.466414489411891564e-01,nan
-1.189192937233358505e+00,nan
-3.857853578520133442e-01,nan
-2.218454526627951395e+00,nan
1.672697025787392100e+00,nan
1.092961717672412236e+00,nan
-5.140408056506647894e-01,nan
1.282836348882275823e-01,nan
2.575245237272342780e-01,nan
1.221644972978592980e+00,nan
1.542714916620762544e+00,nan
1.285158582414891448e-01,nan
3.534085951144154136e-01,nan
-6.746365626991370767e-01,nan
-3.534336338047773807e-01,nan
1.927970075252580240e-01,nan
4.819720288360253568e-01,nan
9.638416230373225702e-02,nan
9.638211387228018401e-02,nan
8.352939012424956955e-01,nan
-6.424154457083314229e-02,nan
3.212122730227304768e-01,nan
-1.927137140831236828e-01,nan
5.778445078946992108e-01,nan
-5.777708895653443921e-01,nan
3.533234900967652803e-01,nan
2.954838979130555376e+00,nan
9.950039618421246956e-01,nan
-5.776175044402048764e-01,nan
5.776910836842508168e-01,nan
1.219414731595177326e+00,nan
-1.026599523583298090e+00,nan
-1.251451461411927868e+00,nan
-2.885552334581203415e-01,nan
-1.929173865243596353e-01,nan
8.667206361348649413e-01,nan
-1.701015415657563201e+00,nan
-9.949858011160589433e-01,nan
-4.820269206794162153e-01,nan
-1.316802437223796085e+00,nan
1.220805515034700139e+00,nan
2.245035267837995341e-01,nan
1.609022877554490416e-01,nan
-7.065318845887346155e-01,nan
-1.606004489222052634e+00,nan
9.671572045301539411e-02,nan
-6.458287454743585898e-02,nan
3.534436502736425512e-01,nan
2.249011585852680739e-01,nan
2.248900058567351590e-01,nan
3.533810566515463436e-01,nan
-2.055875039889763833e+00,nan
-3.438403588957068990e+00,nan
-7.078856485720202985e-01,nan
6.755074690034784668e-01,nan
-1.350813730150488778e+00,nan
1.190357133691565261e+00,nan
-7.075941878485638714e-01,nan
2.380460960385530900e+00,nan
-3.215151487863418533e-01,nan
1.414766955752129851e+00,nan
-1.288965046950066307e-01,nan
6.461080757421613918e-02,nan
8.357497830603891620e-01,nan
-1.092702191244991905e+00,nan
-7.393590402570856535e-01,nan
-7.716308865459772237e-01,nan
3.215675837360699174e-01,nan
-1.093252265023744618e+00,nan
-1.061353645118398026e+00,nan
1.061602096373178261e+00,nan
9.005424867672362499e-01,nan
1.061142929172766758e+00,nan
-4.500765363259653928e-01,nan
-1.253909080267463949e+00,nan
9.648122109297245508e-02,nan
3.215972284464960196e-02,nan
-8.683063593038643502e-01,nan
1.929939205615054110e-01,nan
2.122842786035344265e+00,nan
9.323278333171115539e-01,nan
-1.639274009752023531e+00,nan
3.858510048208543264e-01,nan
-6.430302975726835679e-02,nan
-1.575446567576040735e+00,nan
1.961951788118764028e+00,nan
-1.610676705141059484e-01,nan
9.677263625672570535e-02,nan
1.671783955668395549e+00,nan
1.253375925435040728e+00,nan
-6.107716162933274351e-01,nan
9.672120959067177781e-02,nan
-7.390499589988919205e-01,nan
-1.542616523611289869e+00,nan
-5.786780367776546141e-01,nan
-8.038220645507906381e-01,nan
3.219074118136047158e-01,nan
3.279621044088745663e+00,nan
-2.570644981208425328e-01,nan
-7.069674436609212353e-01,nan
2.892590468661188630e-01,nan
1.863994966031617961e+00,nan
4.818696050854758273e-01,nan
-1.606061365110000583e-01,nan
2.634033921848138782e+00,nan
7.383855245098371878e-01,nan
4.814773836572866506e-01,nan
-5.937590680700827406e+00,nan
-1.285486440615636050e-01,nan
-8.355898717555112487e-01,nan
8.678878539175181039e-01,nan
2.246435312515987770e-01,nan
6.109101575303184095e-01,nan
-1.638728119358541679e+00,nan
1.028271810291568000e+00,nan
9.001364288489409615e-01,nan
-6.425975014228094695e-01,nan
-1.960200132338488332e+00,nan
9.644497206976617720e-01,nan
5.464053063399526566e-01,nan
-1.189091810369471425e+00,nan
4.821906784287883219e-01,nan
-1.253562478046009065e+00,nan
9.327154466298281932e-01,nan
1.285474697919268605e+00,nan
1.413974964557330294e+00,nan
-2.248804472548497912e-01,nan
5.461653119436515880e-01,nan
-5.785442814574700554e-01,nan
-4.491438643155041821e-01,nan
-1.124898725329013915e+00,nan
4.178038183284968343e-01,nan
2.249505625431983624e+00,nan
1.349034216202659398e+00,nan
-9.633093136861303751e-02,nan
5.137758806675696288e-01,nan
5.137176813968377109e-01,nan
-1.187837582906684952e+00,nan
1.316597306024511971e+00,nan
3.467103418230941259e+00,nan
1.732227394994172220e+00,nan
-1.923962218228826571e-01,nan
9.620219223305656597e-02,nan
-2.020203182110370754e+00,nan
-1.921652389270906147e-01,nan
-1.668603939382125700e+00,nan
1.123296167718854432e+00,nan
3.850347442668570208e-01,nan
-1.540008226895737797e+00,nan
-1.701003377587489096e+00,nan
-3.852773502296162889e-01,nan
-9.632752113515087589e-02,nan
-5.779774034757669821e-01,nan
-4.817092287048991284e-01,nan
-5.459951211975889729e-01,nan
1.349091546693861332e+00,nan
-9.312385650284666916e-01,nan
4.496557789292732199e-01,nan
6.105077784566428356e-01,nan
-9.665339633794726992e-02,nan
3.693137551840274924e+00,nan
-9.307950862092898570e-01,nan
-9.948490579609987616e-01,nan
-2.888905196658478336e-01,nan
-5.774968375302447221e-01,nan
6.388910884971867044e-02,nan
9.310341985818521016e-01,nan
0.000000000000000000e+00,nan
1.348117590577850855e+00,nan
7.380354772432311528e-01,nan
-1.122914721286164541e+00,nan
9.306454907992333103e-01,nan
9.625391896469177866e-02,nan
4.812593803282637084e-01,nan
1.026577737282890812e+00,nan
-1.251179198455010910e+00,nan
6.448511182982522016e-02,nan
4.202701260218479007e+00,nan
1.730486715564003131e+00,nan
8.333541590006555699e-01,nan
1.537946268522248250e+00,nan
-3.234324385306908828e-02,nan
-5.123718736216756886e-01,nan
-3.170659191600781135e+00,nan
-4.807390153497458907e-01,nan
-7.692639708232319462e-01,nan
1.699079478473134008e+00,nan
-1.602304854815614632e-01,nan
-2.884250644116003737e-01,nan
8.012316922490907434e-01,nan
1.441962285994588422e+00,nan
-2.562673679349650180e-01,nan
1.281409249996803279e+00,nan
-4.803927300776575926e-01,nan
-1.441651165024905534e+00,nan
1.057632479377435653e+00,nan
7.687749524284998026e-01,nan
2.049719073358382104e+00,nan
-2.144830246967166065e+00,nan
-1.377184179837525058e+00,nan
-8.329689689046090306e-01,nan
-7.366720997714486519e-01,nan
-1.698883535886569485e+00,nan
2.885433273946114707e-01,nan
-8.655749096573853718e-01,nan
-6.412889987147607496e-02,nan
-1.282275485295455653e+00,nan
-1.796463184764838683e+00,nan
-3.208668272753142231e-02,nan
1.027101981152126697e+00,nan
1.122466754172224856e+00,nan
-3.848604748126510655e-01,nan
-2.598028683650035475e+00,nan
8.023203376734190373e-01,nan
-8.021784194759319364e-01,nan
-2.310682572498804710e+00,nan
-2.215854077830903268e+00,nan
-2.245528425327375510e-01,nan
1.830887007942911593e+00,nan
8.028374010933714278e-01,nan
3.596717099934426010e+00,nan
6.734088961285136232e-01,nan
-1.603880219790076556e+00,nan
-3.208895311342566115e-01,nan
-2.663571577115877442e+00,nan
-4.238530969311794294e+00,nan
4.499617062363299724e-01,nan
2.506359426465606610e+00,nan
0.000000000000000000e+00,nan
0.000000000000000000e+00,nan
0.000000000000000000e+00,nan
0.000000000000000000e+00,nan
0.000000000000000000e+00,nan
0.000000000000000000e+00,nan
-7.804640059218704629e+00,nan
1.222633029303292318e+00,nan
-1.029629869054443647e+00,nan
-6.402464041383792992e-02,nan
1.833897500407147163e+00,nan
1.479389214581860124e+00,nan
-1.929008837497104278e-01,nan
-2.890421187590017094e-01,nan
-6.462866403714359609e-02,nan
2.893862018133023239e-01,nan
5.465835030368093594e-01,nan
-1.607404806468462066e-01,nan
3.536415919480463410e-01,nan
-2.571738306641870864e-01,nan
-8.037137980124822167e-01,nan
3.215425040173786053e-01,nan
1.607598538341406813e-01,nan
-2.572066485646653522e-01,nan
7.070368751685057740e-01,nan
1.961327676843005019e+00,nan
-3.213374531751653912e-02,nan
5.784115141466534826e-01,nan
-3.534286257828739286e-01,nan
-1.603405724163237955e-01,nan
2.567467876736425070e-01,nan
-9.960825836707117853e-01,nan
3.532049202640533681e-01,nan
6.459386726107864407e-02,nan
9.640738394699105429e-02,nan
-4.498915611331781306e-01,nan
6.752256775901188668e-01,nan
3.210138183802336287e-01,nan
2.891811684057075671e-01,nan
-3.212919218321720616e-02,nan
5.140707169493290429e-01,nan
-1.509590316640265328e+00,nan
3.210433906476984345e-01,nan
-4.177446091250099913e-01,nan
2.570972881216657679e-01,nan
1.285413568776488102e-01,nan
9.640328519690297138e-02,nan
-2.892037078576488174e-01,nan
-9.319380448216443291e-01,nan
-5.142783972633518941e-01,nan
1.060819492542457221e+00,nan
4.178008574697399391e-01,nan
-1.282209120611184916e-01,nan
-1.288672669165310813e-01,nan
9.641216626261975287e-02,nan
-1.285468221875779304e-01,nan
5.142018639429232207e-01,nan
1.928038380486409853e-01,nan
6.105195313470377361e-01,nan
-2.634519100319652640e+00,nan
-1.189437398184382655e+00,nan
-2.057944981788330630e+00,nan
3.220215868608887755e-01,nan
-2.254956088864949193e-01,nan
8.685712107903091894e-01,nan
1.286525762699869957e-01,nan
-2.348164534245775315e+00,nan
-1.286833945307890525e+00,nan
-3.218802683375285995e-02,nan
3.218825529424241411e-02,nan
2.060355597629904167e+00,nan
1.415308298089168026e+00,nan
4.181238382744505433e-01,nan
-1.608020351556853356e-01,nan
-4.505832791615425603e-01,nan
2.348347898738985418e+00,nan
2.475081920991156093e+00,nan
-3.855667231742309076e-01,nan
1.446319482951465396e+00,nan
2.954999139367454841e+00,nan
1.380712609690817549e+00,nan
